100
140 150
5 160 11 30 9 100 8 70 16 230 19 140 2 90 14 200 9 10 4 180 0 0
230 230
6 60 0 0
110 20
13 10 17 50 4 40 0 0
100 170
6 10 0 0
150 140
7 200 1 100 0 0
60 190
5 150 1 90 0 0
110 130
2 120 17 70 9 30 15 10 0 0
50 190
18 80 14 60 12 120 2 150 5 120 7 210 17 180 9 130 3 30 0 0
90 80
3 120 19 40 12 40 6 70 4 60 17 200 4 220 0 0
160 30
3 220 2 50 8 150 13 10 0 0
210 50
20 200 3 240 2 80 12 10 2 40 2 200 6 140 14 240 19 140 0 0
40 140
5 230 0 0
40 120
17 190 4 110 14 190 0 0
90 160
4 20 3 140 2 100 0 0
240 60
3 100 19 230 4 40 11 110 10 160 13 50 2 30 2 190 5 20 0 0
70 180
19 120 15 20 0 0
50 80
11 110 7 80 12 100 0 0
110 160
7 50 9 60 8 240 0 0
100 10
2 170 10 240 0 0
200 150
16 190 6 50 2 100 6 140 17 150 17 110 11 30 5 110 0 0
40 150
6 60 13 240 15 60 20 190 6 220 0 0
40 210
8 10 19 220 18 40 8 40 0 0
220 130
11 130 8 20 5 140 18 220 18 90 10 110 10 20 0 0
170 130
2 60 13 170 7 100 12 220 12 130 11 210 9 220 0 0
50 20
10 200 16 90 3 50 5 190 8 180 20 100 7 180 0 0
170 160
1 160 6 150 6 120 11 210 15 20 7 240 12 20 9 10 6 230 1 210 13 190 0 0
110 80
19 10 17 100 9 110 3 10 20 100 8 80 0 0
130 190
11 30 17 220 9 120 8 190 6 10 4 100 0 0
90 50
4 120 19 130 18 180 3 70 6 140 9 150 13 30 6 160 0 0
160 130
15 160 8 60 7 200 16 230 11 60 14 100 8 230 8 10 0 0
110 200
18 80 2 160 15 220 3 140 12 220 14 180 10 70 5 50 0 0
160 120
17 220 20 170 4 200 13 220 15 180 3 90 7 70 12 40 6 200 0 0
150 10
1 160 0 0
20 60
37 10 45 200 25 180 37 210 34 20 24 60 46 40 25 30 8 40 18 70 3 130 7 100 23 30 37 240 47 220 31 120 8 180 38 110 40 30 20 20 46 20 44 30 3 200 21 110 3 10 29 190 34 140 10 180 12 210 48 50 34 90 48 40 10 240 9 30 30 120 21 200 47 120 38 190 39 160 9 120 13 170 30 90 30 10 43 10 40 50 7 110 13 100 9 90 7 80 18 10 42 10 9 30 50 190 26 140 17 70 18 210 35 120 45 130 29 130 1 220 13 40 33 240 37 20 10 170 48 80 32 110 2 90 43 100 9 120 37 30 47 70 42 200 4 210 39 20 46 160 37 110 7 240 5 130 30 170 27 50 42 130 24 160 44 210 23 30 31 80 40 50 13 30 41 100 26 40 20 200 11 50 14 80 30 120 3 210 18 20 13 100 30 170 18 10 23 110 15 140 34 120 21 20 16 70 7 180 11 10 1 30 10 200 2 180 1 110 43 50 6 10 11 140 15 170 32 210 19 40 16 240 43 20 48 210 13 90 40 180 21 220 30 60 49 30 9 100 22 50 35 30 19 80 25 100 11 130 15 40 10 50 28 110 8 200 47 70 42 80 24 40 31 140 30 90 28 110 31 20 38 160 12 140 7 210 49 50 46 130 21 90 5 240 8 200 12 50 42 30 34 80 34 60 34 90 1 60 19 20 16 160 20 230 6 40 25 220 14 110 25 120 23 180 36 60 21 170 25 120 48 160 30 160 29 50 21 150 31 160 22 130 49 10 24 120 3 100 45 190 35 20 18 70 7 40 47 20 44 30 14 70 18 160 43 60 49 90 18 80 8 160 6 50 8 110 41 150 32 60 4 10 36 120 35 70 12 130 9 200 25 130 48 180 39 230 33 110 29 220 13 90 50 90 49 150 11 110 49 120 40 240 12 140 11 220 24 180 22 200 39 200 29 160 46 70 44 80 21 110 6 60 25 180 3 230 11 230 33 110 2 230 18 190 15 210 36 30 32 190 22 150 19 90 9 150 9 40 0 0
50 50
25 210 1 80 37 240 11 40 43 110 3 90 14 30 14 80 18 130 22 170 26 30 45 110 7 140 25 60 11 20 24 120 4 80 7 30 27 20 5 20 0 0
100 200
16 20 37 20 35 170 10 90 44 160 43 80 47 140 2 20 2 150 32 120 3 70 7 230 31 70 29 110 26 170 47 230 48 210 15 40 14 220 48 50 6 70 29 150 15 160 23 240 2 10 7 130 9 100 48 30 49 70 5 150 7 10 50 180 30 40 16 120 3 30 39 160 27 70 5 90 32 220 45 220 1 40 43 130 37 90 48 230 1 240 46 70 50 40 19 70 11 80 27 120 38 50 36 80 8 210 18 230 50 190 25 170 17 110 31 170 27 170 2 140 2 100 18 40 10 160 39 190 14 30 38 200 42 200 20 10 43 240 17 80 28 60 45 130 27 60 7 70 23 190 15 10 21 190 24 80 30 80 36 200 40 240 3 230 45 220 49 90 31 20 17 130 40 80 31 70 31 230 19 70 38 110 7 90 19 140 4 110 13 150 12 160 7 20 4 20 40 180 41 40 44 20 15 190 2 150 38 70 37 140 10 10 34 170 7 210 40 40 49 110 19 240 42 30 14 20 44 220 40 190 19 20 35 130 22 220 16 150 44 130 2 170 24 140 45 100 21 220 13 110 12 100 21 240 37 160 12 190 13 20 47 100 48 130 12 150 10 230 34 70 10 210 33 120 12 190 7 240 27 240 38 240 42 60 4 190 31 170 35 110 9 40 27 230 1 160 19 180 16 80 49 160 25 40 46 190 6 160 6 100 22 20 8 190 45 140 27 200 16 20 50 60 11 10 41 20 19 130 19 230 18 40 9 90 16 180 46 100 17 240 5 70 42 220 2 120 19 230 30 50 39 210 2 200 3 60 27 220 40 120 24 160 28 130 6 240 8 190 41 30 26 150 46 160 13 180 31 240 43 220 45 230 19 170 10 80 9 140 40 230 47 240 4 150 19 70 38 160 40 120 48 100 32 60 41 110 26 220 15 50 2 130 15 230 6 190 31 120 14 210 7 150 34 160 6 240 13 30 30 80 30 150 25 180 17 210 5 90 10 40 14 110 16 230 15 50 33 170 4 10 11 180 13 160 25 180 40 10 23 230 21 50 4 160 11 90 6 100 36 100 47 150 47 150 5 230 15 70 2 100 37 10 14 230 5 210 7 170 34 220 49 30 13 190 2 110 38 150 34 140 24 180 6 90 37 220 28 170 1 110 19 50 8 210 45 70 37 80 32 240 12 90 31 180 38 110 45 190 19 100 34 70 33 150 14 200 36 220 7 10 34 110 39 100 13 220 13 40 16 140 46 180 4 110 23 60 1 110 50 80 3 120 16 150 12 240 13 110 2 70 2 130 3 80 2 110 30 100 9 150 34 90 31 110 19 110 25 120 12 10 25 60 42 180 2 230 4 210 17 180 32 50 26 200 10 70 30 190 35 50 24 70 44 90 20 30 6 20 25 120 39 180 29 200 14 100 46 210 50 140 44 160 22 190 16 210 3 200 26 160 38 110 25 120 28 110 8 50 46 140 47 20 20 200 14 20 28 160 32 160 12 80 27 40 8 90 44 70 50 110 28 30 22 230 21 60 6 40 33 130 27 180 19 170 26 130 38 150 10 240 36 120 36 200 38 210 48 120 16 150 4 160 26 110 30 80 23 40 47 80 35 160 11 120 31 160 30 140 15 120 25 160 16 60 8 140 9 50 28 120 30 140 10 30 8 110 28 20 49 200 6 10 9 90 29 170 7 230 44 220 13 80 40 100 13 230 34 210 6 170 20 130 35 240 50 70 11 220 19 190 34 40 14 170 33 100 43 60 40 190 28 120 39 210 39 100 39 200 11 240 40 190 13 230 47 220 13 50 5 230 21 230 46 180 38 50 8 180 33 100 19 50 0 0
140 230
30 60 40 190 20 210 28 140 3 200 24 240 14 150 36 160 13 120 20 60 46 190 49 190 44 180 9 150 2 240 40 10 20 150 29 20 35 180 44 240 42 120 17 90 23 150 36 120 17 60 35 80 39 50 27 30 6 150 11 70 38 170 3 230 19 210 6 200 37 30 43 10 44 80 38 40 8 60 0 0
180 40
39 90 42 200 16 70 25 160 7 180 34 30 2 20 46 30 2 160 23 50 45 210 42 140 42 40 25 180 10 20 28 40 32 130 9 110 44 220 24 220 35 240 22 170 32 230 8 180 24 70 31 130 15 170 10 240 19 160 36 200 25 130 33 60 5 90 5 80 17 60 29 130 5 120 8 190 4 130 5 100 36 80 34 200 11 110 46 150 14 210 36 220 39 200 14 60 3 120 45 90 1 60 50 160 45 10 48 120 39 50 49 170 19 220 25 240 26 50 39 60 4 240 43 120 14 220 37 110 42 110 9 230 17 20 44 240 1 40 29 240 28 210 1 20 0 0
200 110
47 10 44 190 28 130 35 60 13 190 20 130 40 140 12 90 30 140 25 220 21 110 46 100 4 20 46 40 20 110 48 50 14 220 38 50 14 140 27 210 34 10 32 100 27 70 14 90 30 30 38 40 5 40 11 30 49 150 32 30 44 80 23 210 45 190 37 30 19 40 47 190 28 50 44 220 22 170 47 50 2 60 45 210 28 150 9 200 29 100 5 80 0 0
140 20
50 130 7 160 43 110 46 190 12 190 39 240 50 100 3 210 21 120 45 220 39 240 14 50 18 20 22 190 9 180 45 240 30 180 10 20 3 100 3 140 21 60 30 90 32 40 33 90 50 110 25 60 15 70 14 120 29 180 48 170 46 110 31 20 12 80 17 230 50 150 47 230 37 110 46 130 27 120 29 180 22 240 10 60 16 10 38 100 24 140 6 180 23 200 48 150 49 90 25 100 14 90 10 230 35 240 32 60 17 220 7 120 6 60 14 190 6 170 11 90 47 50 38 50 29 70 50 50 45 200 7 190 1 10 19 20 45 60 24 60 48 140 28 80 49 230 28 110 42 80 18 100 25 200 18 130 28 30 27 190 16 140 17 200 44 90 25 40 3 220 17 60 48 180 42 50 13 200 16 60 31 110 37 130 27 20 49 100 21 50 49 100 16 160 34 210 11 110 11 220 8 110 38 60 1 60 39 80 31 200 15 210 38 20 38 10 27 220 49 70 26 190 0 0
10 160
19 150 46 200 45 60 19 100 12 220 42 40 18 50 19 40 20 20 31 60 18 80 34 160 0 0
90 10
36 50 13 140 47 10 27 240 14 50 42 40 44 220 15 190 41 10 3 30 46 90 6 160 22 240 1 210 39 10 13 190 44 150 8 90 8 200 4 30 30 70 12 220 6 130 41 130 11 70 24 30 40 240 34 170 37 100 3 110 14 100 47 140 1 80 3 100 19 30 1 50 28 170 47 100 9 100 32 180 34 20 3 80 37 70 31 230 21 180 6 160 30 210 38 80 18 110 32 100 45 160 6 140 37 80 18 240 36 160 50 70 6 120 16 100 17 40 28 20 8 190 16 130 20 120 19 230 42 170 19 190 4 20 25 100 5 20 27 150 6 110 13 130 16 60 15 50 39 210 1 210 39 190 9 200 31 20 48 240 18 40 31 110 32 220 25 70 9 230 19 240 19 110 13 70 33 40 3 230 5 190 31 220 17 20 20 10 21 100 28 90 3 80 47 90 38 60 9 220 20 160 30 70 49 80 14 170 32 110 13 100 18 150 31 30 4 50 3 60 21 160 8 70 27 80 49 180 27 210 3 220 41 160 20 180 48 110 44 110 23 100 28 220 6 230 43 230 31 170 31 20 1 190 17 60 6 100 16 150 45 160 43 110 17 20 38 40 28 60 44 240 8 140 45 50 40 220 30 30 32 190 31 90 8 210 19 200 22 180 42 240 39 180 42 110 23 10 31 210 17 90 1 40 45 50 2 180 37 240 35 60 4 10 37 220 27 130 23 180 18 160 16 80 25 50 44 240 35 50 31 160 21 100 36 140 13 20 37 130 19 240 20 20 2 230 2 170 25 50 36 90 28 70 46 120 30 40 10 40 41 220 3 170 39 230 46 160 40 50 5 140 6 90 9 120 12 200 7 140 32 240 39 20 10 180 45 200 28 230 38 30 30 20 11 40 14 10 20 100 1 190 11 150 18 40 45 50 17 140 1 90 48 130 14 230 21 30 49 50 10 160 47 220 25 170 37 190 10 30 7 100 35 30 43 150 9 160 10 130 48 50 33 70 1 100 43 90 31 230 30 30 28 200 14 110 39 50 31 50 7 80 44 70 9 210 50 170 11 190 13 240 17 240 2 30 22 190 4 170 32 100 39 170 16 20 8 130 25 240 24 10 26 10 2 240 41 130 14 100 33 210 10 50 23 100 28 80 10 50 27 60 23 80 40 120 31 110 50 100 42 180 22 80 17 240 38 230 44 220 9 190 50 200 41 30 6 10 46 70 23 180 17 230 37 230 37 180 22 20 45 110 29 90 27 180 43 210 50 10 22 130 27 10 11 60 40 120 9 220 10 180 15 160 2 40 48 190 6 50 33 170 14 10 47 120 7 10 8 230 32 50 25 80 10 190 46 30 14 150 39 160 49 170 26 90 14 210 49 230 31 240 27 180 25 70 47 50 37 150 1 40 26 120 2 10 2 240 21 40 22 10 7 110 6 160 16 90 6 60 21 100 24 150 36 210 21 170 13 170 11 150 11 230 25 200 34 170 7 160 39 100 37 130 43 60 27 210 40 160 39 60 50 80 39 140 39 160 27 230 8 120 49 240 43 240 7 130 27 180 19 80 42 230 22 120 36 160 9 120 6 50 38 30 7 20 24 190 14 150 6 220 17 40 16 240 22 50 36 90 46 60 45 150 7 100 45 90 6 140 50 120 35 60 22 180 44 20 40 20 34 230 30 60 30 40 0 0
230 150
12 130 37 40 6 190 7 110 2 110 47 60 36 50 28 90 25 230 42 210 39 200 40 160 8 110 26 110 42 150 43 20 16 60 31 10 32 220 8 70 36 100 14 210 2 210 45 120 49 130 36 10 17 20 25 120 13 210 50 30 10 160 10 180 13 20 16 120 25 200 17 100 47 50 44 220 31 80 20 10 22 30 20 100 43 110 23 100 23 220 44 10 8 170 0 0
180 150
29 240 24 220 15 230 18 90 26 100 10 150 6 140 21 110 14 170 40 230 3 30 1 230 43 40 32 240 6 70 43 100 38 210 11 70 3 240 36 110 16 90 24 160 24 110 44 200 3 110 7 150 47 100 5 160 19 200 41 80 48 10 36 110 44 70 9 210 17 100 40 70 37 240 36 80 15 20 2 20 3 30 7 210 22 70 48 220 28 120 32 60 1 210 47 150 46 40 14 210 32 200 6 40 18 190 44 50 6 210 26 90 47 160 19 40 7 240 46 20 11 130 10 130 25 80 46 210 4 120 24 40 2 20 47 230 46 240 48 190 4 190 42 150 12 70 23 110 8 230 15 190 17 10 44 230 49 190 10 240 41 130 48 90 33 170 10 30 47 130 21 90 48 210 46 130 43 130 8 50 3 100 13 180 6 160 9 210 27 90 49 230 21 90 49 230 19 220 13 170 49 150 19 70 5 170 8 230 48 150 15 190 13 210 13 210 28 230 23 100 8 160 41 210 47 40 22 160 42 150 30 140 49 130 15 40 43 240 15 150 46 170 15 50 28 110 45 140 1 210 40 230 42 40 38 10 32 180 38 30 44 200 29 100 25 180 29 210 2 120 26 110 49 30 20 50 25 30 46 230 10 130 42 30 12 240 46 120 37 80 46 10 50 190 3 130 36 30 9 190 18 220 22 30 36 190 25 210 8 190 29 120 43 70 20 110 9 30 8 200 37 200 37 220 21 40 18 100 29 140 28 190 22 150 26 70 11 220 6 180 24 240 20 150 11 40 1 60 14 140 20 20 46 110 12 100 43 140 26 200 30 180 49 190 48 20 11 140 43 230 20 70 19 220 1 20 17 190 45 180 25 170 9 170 21 100 13 140 22 70 11 40 35 120 35 190 47 140 36 120 2 220 13 180 29 50 18 10 28 140 32 210 1 90 43 220 2 40 49 90 34 200 31 150 20 90 49 160 25 170 31 90 26 90 21 80 18 150 44 230 39 240 16 200 13 190 4 140 7 130 34 40 40 30 18 40 28 230 24 120 7 50 21 40 27 60 10 130 40 90 29 190 41 130 38 30 13 50 32 30 28 210 26 150 13 150 34 40 34 240 19 90 9 60 34 170 46 230 24 210 29 40 34 30 29 180 29 100 30 180 36 40 30 200 15 230 20 130 2 230 21 150 19 10 11 80 45 160 35 130 25 30 37 80 2 110 22 50 10 150 41 20 6 90 40 70 33 190 20 80 41 150 4 60 27 50 1 200 30 60 23 210 34 170 11 20 26 130 6 240 9 200 40 130 25 210 46 100 14 210 39 40 24 20 50 240 48 230 26 110 22 40 37 190 21 40 17 40 9 210 17 200 43 30 18 190 0 0
230 160
4 120 5 150 26 160 2 50 48 140 3 130 17 170 13 90 25 80 23 230 26 40 35 110 49 160 43 20 31 50 46 60 15 240 2 210 27 100 4 240 42 80 46 120 1 200 45 50 19 100 38 180 17 40 36 100 46 200 39 100 23 60 17 50 5 220 39 130 31 130 27 10 38 200 37 110 40 50 49 100 10 90 27 210 17 230 14 20 18 80 43 180 32 180 2 30 46 80 47 50 25 80 26 140 28 210 8 60 34 70 2 80 3 210 46 70 42 160 4 70 42 170 3 220 16 200 46 140 25 20 5 10 10 140 35 220 40 210 13 230 40 210 2 100 11 220 29 10 39 160 16 220 24 230 8 180 8 170 1 160 34 140 47 150 22 240 26 210 26 20 42 100 44 30 34 120 28 210 37 110 1 240 33 70 31 50 20 150 33 50 38 40 43 240 3 240 3 90 16 240 14 10 35 60 50 30 21 240 32 240 20 210 46 100 3 200 1 40 49 40 3 210 27 110 28 40 44 60 24 190 32 60 5 200 49 190 5 20 10 80 23 230 8 200 44 40 37 230 47 170 7 60 17 140 18 170 20 160 0 0
120 70
8 200 13 160 35 150 20 100 17 120 5 110 11 110 5 240 9 100 15 170 45 210 5 20 32 180 18 190 21 160 14 110 28 120 45 90 48 160 18 150 36 90 17 140 30 160 3 220 43 90 25 140 16 80 12 20 32 50 11 150 28 130 39 230 25 100 29 180 7 160 28 40 24 70 33 230 26 60 23 20 36 120 28 160 44 90 28 170 43 180 29 160 40 150 1 70 25 90 23 160 46 140 13 120 5 110 11 80 32 80 43 100 20 150 43 140 25 240 18 210 9 80 43 70 43 110 25 210 22 80 6 30 29 210 36 90 4 190 39 110 16 240 48 240 46 30 33 230 32 120 46 90 2 180 33 110 3 20 9 210 14 30 9 80 29 230 18 170 43 230 44 130 17 60 40 160 10 100 24 120 26 230 50 60 49 10 31 10 25 70 36 170 1 240 29 90 28 120 42 20 2 90 18 130 6 80 28 40 29 60 17 80 21 200 8 40 9 130 35 180 43 150 47 100 33 200 24 70 28 230 28 150 16 240 21 30 18 20 15 180 49 130 9 80 7 90 8 20 40 150 36 90 46 90 21 190 31 150 9 140 25 150 47 220 20 170 10 190 34 40 49 150 37 90 35 240 34 10 4 140 13 210 47 180 15 180 18 120 12 150 38 50 39 150 6 240 30 150 32 170 9 240 22 60 46 110 35 160 16 100 2 160 28 140 42 240 19 220 38 220 33 240 35 220 15 230 27 230 7 130 24 70 26 200 40 190 32 80 15 160 48 30 45 240 23 30 26 160 19 110 25 60 13 100 50 120 2 150 35 20 30 10 5 50 0 0
170 160
13 70 28 10 11 220 21 50 38 180 6 180 38 90 38 120 44 60 24 40 39 50 25 10 1 70 24 130 50 20 47 140 34 100 40 70 9 10 32 210 48 40 37 20 37 100 31 140 22 170 18 180 17 100 26 210 41 220 39 60 29 10 48 200 5 180 45 110 1 210 21 120 31 70 4 40 30 220 32 200 10 40 7 200 21 160 49 180 12 230 17 90 26 210 1 200 23 120 10 190 2 170 38 110 26 50 29 230 20 90 42 240 49 200 10 180 4 170 25 140 34 140 37 210 25 160 48 40 40 130 36 10 36 130 49 100 7 160 29 130 23 60 21 240 7 60 26 170 17 140 36 90 11 180 29 160 6 240 32 130 47 230 29 10 16 70 36 100 23 110 24 150 7 220 27 30 8 220 27 40 16 20 35 80 13 230 11 70 12 240 45 220 31 90 25 100 15 210 48 50 7 60 31 50 3 110 20 170 26 220 27 200 10 130 8 30 9 10 37 70 9 20 26 90 19 70 20 80 21 50 38 160 28 50 29 120 34 140 10 120 24 160 22 180 17 10 22 80 14 110 3 70 24 50 18 170 46 100 22 70 5 180 6 230 30 120 43 160 40 180 8 90 27 170 1 230 39 210 30 110 4 140 45 160 18 120 26 40 46 120 17 130 39 70 4 170 40 170 1 20 42 20 37 220 11 220 47 170 27 160 50 210 21 60 16 220 3 200 42 130 20 200 2 80 45 140 49 10 22 190 7 180 22 30 3 90 28 170 6 70 35 10 39 120 5 140 30 10 48 90 19 230 16 150 28 60 19 20 43 220 18 230 4 240 11 20 6 140 3 170 5 240 14 30 27 100 2 110 14 40 45 110 45 90 14 10 39 210 1 230 29 190 35 80 9 120 7 240 0 0
40 230
42 90 9 20 26 130 30 10 20 80 32 20 20 180 45 200 23 210 4 150 48 240 36 140 49 70 31 200 33 10 44 80 37 80 13 100 14 170 1 140 15 20 18 210 17 90 40 20 13 180 11 100 48 80 27 80 28 50 32 40 41 150 3 180 37 40 31 100 40 80 29 230 35 160 36 200 37 140 12 60 8 160 35 60 31 210 29 30 14 200 6 50 48 20 4 150 42 190 15 130 8 220 26 190 16 90 27 110 33 50 5 20 39 30 42 40 27 180 44 120 12 110 30 190 23 200 28 230 18 80 4 180 1 200 18 80 44 90 40 40 35 50 34 70 1 130 39 120 27 70 47 110 4 200 35 50 25 230 14 20 20 50 17 100 32 230 15 150 39 210 13 210 19 40 9 30 21 210 39 210 25 120 21 220 2 200 5 20 32 220 23 200 22 80 32 200 47 230 7 30 10 240 48 20 44 160 19 140 1 150 26 180 15 40 28 140 49 80 2 50 5 140 17 190 44 150 48 230 48 160 20 50 28 150 4 30 36 160 20 140 18 230 36 150 43 50 48 210 46 50 31 70 6 120 23 190 15 40 29 180 42 20 26 70 37 230 41 130 14 160 10 220 27 110 37 20 12 60 6 70 37 210 39 240 45 50 35 70 37 110 15 130 39 200 48 30 18 80 44 190 41 10 12 240 44 220 0 0
70 60
18 210 32 220 15 110 45 140 23 70 2 160 49 170 36 190 7 50 15 150 6 20 43 60 19 120 9 80 30 90 24 200 2 10 14 140 2 70 6 160 21 110 32 190 8 200 41 130 28 100 37 180 37 170 1 150 19 50 27 100 44 210 21 90 15 40 30 150 35 100 24 140 44 120 43 70 18 20 4 210 33 160 40 170 15 180 41 90 15 60 32 130 42 120 4 180 14 140 46 50 13 150 4 210 30 160 14 160 28 200 11 190 35 190 20 200 43 210 14 230 33 190 7 20 22 120 35 90 39 10 25 110 19 30 6 80 43 80 45 90 45 50 43 140 13 50 3 240 49 140 19 160 11 100 39 180 28 70 9 180 9 240 46 180 50 130 43 160 8 20 40 180 7 220 46 200 17 100 31 70 43 10 10 80 49 80 9 150 17 20 23 30 23 80 8 70 7 40 39 10 4 130 9 230 19 170 41 240 8 80 47 180 30 140 33 60 17 240 30 110 26 90 41 80 1 60 8 240 23 150 36 140 22 10 32 130 12 210 38 20 15 80 23 10 9 240 42 120 5 240 18 210 39 170 37 190 19 230 23 170 36 220 3 80 9 40 36 150 12 160 31 40 46 110 1 40 33 240 30 10 18 190 7 30 4 220 16 240 11 90 16 140 7 140 42 40 16 130 23 50 45 160 2 60 8 60 12 70 31 240 11 150 11 120 47 110 14 160 27 100 19 240 19 80 45 220 48 150 14 170 9 150 12 30 28 230 39 50 23 180 12 10 1 220 12 200 10 220 19 40 27 220 37 210 30 130 7 60 25 220 19 220 27 20 17 150 1 90 48 60 12 230 2 60 5 220 15 120 3 240 6 190 34 40 38 40 25 20 27 70 25 180 23 150 47 50 5 130 34 200 18 220 45 230 19 180 9 10 42 80 3 30 25 220 0 0
230 150
13 100 16 20 34 240 45 200 15 200 36 210 36 220 22 170 50 160 26 230 1 10 18 200 3 130 3 120 49 220 32 120 5 210 47 70 28 240 25 90 38 80 4 90 5 40 14 120 48 80 9 110 35 10 11 190 13 230 38 210 31 180 27 70 20 20 10 60 27 170 11 180 24 10 1 80 2 170 35 180 9 40 46 40 18 20 12 160 9 40 14 220 37 220 19 140 31 90 21 50 16 30 31 10 18 140 7 220 26 230 50 180 25 190 22 10 32 160 3 240 41 210 36 200 49 80 1 110 16 210 20 190 50 90 17 10 46 220 48 220 43 130 46 170 17 50 48 20 25 120 18 50 23 190 12 90 19 60 28 110 46 40 46 80 5 220 1 90 8 180 47 240 37 150 21 130 26 160 10 160 21 240 25 210 29 240 26 230 13 130 21 160 8 140 47 160 15 90 5 90 38 110 44 50 41 150 25 80 23 80 48 10 38 140 37 20 22 40 1 130 31 50 22 20 7 160 34 120 47 230 15 170 26 50 38 240 39 30 46 100 38 10 35 20 8 100 29 50 21 200 31 150 32 30 34 160 2 30 28 150 46 220 20 120 6 100 50 170 32 120 20 200 48 170 1 40 50 120 24 170 38 150 7 170 50 70 37 220 29 180 33 200 26 110 47 170 12 110 7 160 14 50 29 190 48 70 28 210 10 210 2 10 12 200 38 180 42 80 23 220 23 90 16 220 47 150 14 180 16 120 13 240 36 240 2 80 9 70 24 180 20 10 13 160 38 230 11 120 45 220 9 190 18 200 44 20 8 120 44 20 47 170 43 70 33 100 2 50 45 220 5 200 40 20 23 20 22 90 3 20 9 10 29 20 47 110 18 40 6 140 47 100 23 120 18 170 42 210 30 130 2 90 22 220 23 180 42 210 31 10 9 230 36 80 15 160 26 50 37 20 17 190 44 240 12 110 17 110 12 160 1 120 45 170 7 10 23 140 14 30 30 20 23 130 46 70 11 150 6 130 10 40 45 240 43 150 33 240 4 60 32 240 37 190 20 90 48 200 17 20 45 10 2 130 5 140 16 170 14 80 36 180 4 230 3 140 2 60 36 210 26 80 6 50 19 20 41 130 32 210 34 210 6 20 12 160 30 110 41 60 8 150 49 230 3 240 13 220 26 220 33 70 28 60 13 50 32 150 20 60 28 110 14 130 29 50 39 130 50 120 20 60 8 80 2 170 2 180 32 200 4 140 12 150 25 120 10 10 26 60 42 240 1 120 10 190 39 100 6 100 42 50 4 70 31 30 23 220 22 30 15 240 28 120 18 50 7 40 13 210 12 40 29 120 2 180 21 180 10 30 7 100 0 0
10 70
1 220 17 130 6 40 13 20 25 210 32 20 18 210 43 170 11 190 49 130 21 60 33 210 29 150 47 110 31 120 45 70 12 150 29 130 4 110 0 0
60 110
18 140 19 100 45 100 38 10 3 160 29 230 46 130 7 240 31 200 31 70 14 200 2 200 25 20 38 10 28 80 5 20 18 200 31 120 11 130 48 90 31 50 45 60 24 30 37 40 41 120 19 150 26 210 19 50 16 90 46 60 49 20 44 60 50 80 34 170 48 170 12 20 44 80 7 90 48 90 41 30 22 110 46 70 20 210 48 190 22 20 20 170 36 200 43 240 44 130 30 190 12 30 47 180 1 80 11 170 48 30 26 190 18 170 7 30 11 60 44 230 31 130 15 230 20 100 1 40 2 10 15 30 3 100 48 30 26 20 4 10 41 120 7 70 42 190 50 170 21 120 31 230 8 50 3 110 46 200 15 130 15 30 3 90 10 120 25 120 5 30 37 200 42 50 48 190 43 210 3 30 12 170 19 80 49 180 11 100 18 110 1 240 1 150 15 220 37 190 44 160 7 180 32 160 12 100 13 80 12 20 36 180 35 30 37 220 47 160 29 110 6 210 20 90 41 220 21 60 18 170 19 120 28 90 33 30 35 90 27 130 26 180 37 140 13 60 6 150 5 80 34 40 42 200 46 50 3 180 23 210 8 230 42 200 7 180 19 30 38 90 36 130 41 150 49 90 3 210 46 140 42 150 10 70 10 230 26 110 15 130 31 170 33 190 7 220 32 160 48 40 5 70 13 210 16 20 21 160 30 40 39 50 24 80 31 90 38 70 8 70 24 70 17 210 8 230 28 180 32 20 26 200 48 220 45 30 9 130 42 10 49 20 46 200 18 180 49 170 12 10 36 10 29 110 31 220 39 120 50 70 10 110 37 180 10 70 47 150 44 90 5 210 6 170 44 40 27 90 46 120 16 20 36 220 20 230 35 160 39 150 39 190 50 230 44 70 39 30 16 70 33 40 30 220 20 230 45 200 13 220 46 130 29 230 13 200 45 220 22 80 2 130 1 230 46 110 49 10 15 70 29 80 1 170 8 70 32 40 50 20 5 40 45 190 36 230 37 150 10 220 14 230 21 50 13 200 27 170 26 60 45 50 2 70 45 140 47 130 9 180 10 150 20 210 15 160 31 70 0 0
180 40
3 130 38 10 49 190 20 160 11 200 1 20 40 210 31 10 15 70 39 120 28 90 33 200 34 20 22 100 16 90 47 10 45 140 6 230 20 80 47 20 31 50 50 230 11 230 13 130 35 150 34 90 12 180 24 60 24 20 11 70 40 110 30 70 46 10 44 140 20 240 48 230 19 50 36 80 49 50 44 80 21 130 21 140 5 190 23 100 46 130 28 130 20 200 17 60 29 80 23 50 7 230 10 230 0 0
50 70
2 200 45 150 49 130 18 50 12 30 7 110 39 150 23 50 39 10 49 10 6 40 50 230 47 140 28 90 18 240 32 40 26 90 4 150 17 100 13 30 1 210 20 240 5 160 41 50 42 150 7 180 26 180 14 70 28 140 21 190 11 130 4 20 33 200 20 140 27 150 33 60 32 220 29 130 28 90 39 80 13 160 6 70 13 240 17 80 1 240 46 200 1 230 6 240 8 230 23 160 6 240 5 80 1 10 49 240 47 160 48 130 38 190 13 170 27 240 34 180 13 10 47 120 14 100 38 100 10 100 16 90 10 130 1 210 39 100 18 190 47 230 49 80 29 160 30 90 36 110 28 190 46 190 38 90 11 190 9 120 17 100 46 130 14 120 17 70 1 190 50 190 23 130 40 120 43 30 11 10 18 90 21 120 42 50 29 30 15 90 43 10 35 210 4 180 32 140 46 230 47 150 34 140 30 140 25 150 34 220 27 210 39 200 39 240 38 170 19 140 44 120 6 170 42 140 5 220 43 90 34 30 34 140 19 170 19 120 12 210 26 210 27 220 48 90 12 120 22 90 42 60 7 160 47 10 13 110 17 100 7 230 12 70 1 10 32 150 29 190 46 60 43 70 11 120 47 120 38 100 18 50 23 40 29 150 43 180 2 100 37 220 42 100 26 190 26 110 33 230 40 120 48 60 29 150 6 50 21 180 50 100 50 200 22 240 10 240 47 50 35 130 8 40 19 90 47 230 27 50 7 130 20 110 1 80 14 120 14 80 8 120 21 80 41 70 49 80 4 210 47 60 13 30 24 190 4 150 7 130 19 220 12 60 46 140 2 70 14 90 38 120 27 50 50 110 14 70 48 110 39 90 34 160 46 30 36 240 47 40 15 210 38 210 40 160 23 10 11 120 7 160 14 240 37 130 28 110 16 110 45 10 23 160 5 170 2 10 44 150 43 150 10 70 13 140 18 220 2 210 3 140 11 130 48 210 1 20 31 50 32 240 36 190 19 20 11 20 31 60 12 220 6 20 24 220 12 170 28 180 21 200 13 20 50 40 11 120 2 140 39 90 19 60 29 220 6 190 33 240 10 130 13 110 33 210 4 40 4 20 33 190 45 130 24 180 50 170 49 240 12 20 48 80 24 150 18 30 39 240 9 30 32 150 21 140 23 50 28 10 27 120 36 20 11 200 47 230 31 170 33 220 47 210 50 30 16 150 4 170 1 150 1 240 35 170 19 240 37 110 2 130 30 210 11 180 31 40 26 40 32 60 11 80 18 20 27 110 6 170 41 140 34 220 42 230 8 50 2 240 41 210 9 200 43 220 3 100 39 220 37 220 20 10 3 220 22 10 9 160 19 70 50 90 8 20 10 60 14 160 21 130 22 80 1 40 5 130 27 20 10 200 40 20 7 20 33 110 31 80 16 220 35 230 23 210 6 230 19 80 1 120 27 150 34 130 5 180 31 120 42 60 29 60 7 50 10 220 31 210 26 170 28 90 23 80 37 140 19 110 15 170 43 150 38 130 49 90 5 170 23 10 40 210 24 180 8 10 44 200 12 30 13 220 46 190 19 20 2 60 30 10 1 80 11 200 43 210 0 0
90 60
23 50 7 60 49 200 8 120 40 230 29 220 38 70 15 130 21 160 20 40 41 130 3 130 31 30 27 90 10 80 25 180 14 110 48 30 1 230 50 80 43 210 18 80 18 120 43 210 6 90 34 60 32 110 40 150 17 170 35 100 36 150 29 160 28 140 2 180 2 200 50 190 7 60 4 100 32 90 14 240 33 40 36 180 37 80 3 100 20 180 22 120 46 100 37 50 21 170 25 190 47 110 49 90 26 140 38 120 12 160 7 230 11 180 6 230 33 110 42 220 11 110 36 50 33 30 42 200 37 10 42 30 22 20 37 170 8 110 5 10 24 80 33 100 15 150 11 90 6 180 48 110 13 80 47 160 48 20 49 190 22 20 11 30 11 40 46 40 23 60 38 170 15 190 48 130 37 160 15 220 6 80 15 20 36 190 47 80 26 190 42 200 11 120 3 230 39 20 15 100 33 180 27 240 34 140 15 90 21 90 49 70 21 240 34 110 44 200 8 10 22 190 36 180 30 70 5 190 9 50 14 130 50 240 49 170 26 10 22 20 48 220 20 160 17 70 5 140 11 90 10 30 28 190 36 220 26 230 15 50 2 180 15 50 46 120 18 60 36 190 42 90 34 30 14 240 16 80 18 60 45 60 23 220 38 210 43 150 31 30 11 220 7 80 19 200 1 200 21 40 5 20 30 160 34 160 3 40 22 240 40 210 13 90 11 110 35 170 15 130 34 70 7 30 5 160 12 70 36 230 40 180 4 230 48 190 46 190 23 10 28 100 48 180 29 200 47 90 46 150 32 160 14 130 2 30 27 210 9 80 3 210 26 130 14 10 3 120 31 10 26 10 2 150 11 200 39 20 50 100 2 60 41 30 14 90 19 40 19 180 32 180 15 150 27 20 28 180 22 190 2 110 34 90 14 200 46 190 36 150 36 180 13 230 1 50 0 0
70 240
14 20 42 30 12 170 50 100 22 40 17 180 33 190 30 220 26 160 28 10 11 30 15 160 28 210 10 120 39 50 50 220 32 40 16 240 29 30 27 50 35 120 10 230 20 130 41 200 12 160 39 220 28 150 42 50 1 170 38 190 12 100 47 170 45 80 48 100 25 60 26 190 3 40 50 170 4 100 45 70 34 30 42 220 42 30 25 220 30 50 30 180 26 150 44 120 24 240 26 230 23 110 13 80 28 180 46 50 20 190 7 160 42 100 39 90 41 140 7 140 5 80 48 190 47 140 25 50 11 20 9 40 18 150 45 10 3 170 29 210 14 120 47 40 28 230 20 220 27 160 9 240 33 40 40 120 1 170 15 100 29 10 43 240 48 140 16 90 20 80 34 100 19 120 2 90 43 120 21 70 12 60 45 100 34 70 46 30 32 120 44 180 16 30 2 170 19 200 38 200 11 200 2 20 34 240 50 180 34 220 2 90 35 20 28 220 30 160 8 210 27 230 11 170 41 160 28 170 26 80 46 220 15 120 45 20 22 100 47 240 22 180 49 170 35 140 19 70 29 240 24 40 2 150 26 40 25 110 20 240 20 120 37 80 45 140 33 30 7 170 21 110 42 160 35 160 9 130 1 140 40 40 43 140 10 50 13 80 6 110 39 80 9 20 42 150 21 120 46 180 15 180 33 50 38 140 30 110 5 100 13 100 50 200 13 80 0 0
40 70
21 160 33 80 22 170 11 170 3 30 50 230 29 70 18 40 46 80 29 10 11 10 17 140 46 90 35 190 24 130 31 210 12 200 6 80 1 230 35 10 44 240 34 240 13 80 4 190 4 90 33 80 14 100 37 210 11 210 37 140 28 210 50 200 46 120 13 40 49 110 7 80 48 180 21 90 43 20 35 40 43 120 28 240 17 160 17 160 16 140 42 10 33 20 44 190 49 140 11 230 50 110 4 60 20 210 31 200 34 170 47 30 7 130 40 140 44 190 17 50 27 110 46 220 38 10 17 220 43 110 2 60 36 80 47 10 48 20 14 200 31 50 44 230 3 220 50 100 7 170 42 20 22 170 38 20 34 210 27 130 33 40 28 110 12 160 50 220 39 40 30 170 37 120 25 70 3 110 15 200 3 50 1 120 14 50 5 100 6 10 23 210 44 110 49 150 39 230 50 140 20 170 39 150 41 110 46 140 35 40 20 80 48 120 25 80 3 140 50 240 27 60 9 100 23 80 2 160 39 240 15 150 5 90 9 130 27 240 31 90 10 10 33 110 28 130 49 40 42 30 48 60 7 80 13 90 37 10 11 40 50 50 10 50 46 90 2 170 15 170 16 40 36 140 7 190 21 30 8 40 47 160 36 200 25 30 12 130 37 80 34 240 25 220 3 130 41 60 6 50 37 140 20 20 16 160 12 70 29 90 42 80 47 220 27 230 49 200 8 40 8 120 35 190 16 80 48 70 45 160 21 140 8 60 8 240 27 130 49 40 30 60 5 90 20 210 49 50 45 240 43 160 45 190 1 210 25 10 32 110 45 120 36 90 49 10 42 100 44 100 38 180 44 70 30 100 38 130 9 140 36 10 40 190 40 230 29 90 11 120 45 100 28 200 50 10 46 50 25 130 44 240 2 210 25 10 16 180 18 140 9 10 42 90 35 120 44 50 37 210 11 60 36 220 22 190 24 100 23 220 27 130 27 240 49 130 49 150 46 140 45 80 37 130 11 200 41 60 48 160 44 30 3 80 27 30 40 110 40 10 31 50 33 90 30 200 38 180 27 60 24 80 33 110 19 80 44 180 28 80 43 170 26 70 18 30 37 240 26 170 15 240 29 120 48 100 38 150 12 200 6 50 0 0
230 190
48 180 28 50 27 90 15 100 31 120 19 240 5 120 46 100 6 60 34 20 14 50 12 90 2 230 9 120 27 160 39 90 28 160 30 130 15 90 45 140 44 230 41 140 10 130 45 190 15 100 37 20 12 190 38 130 41 50 24 50 24 210 25 230 31 30 22 240 3 130 18 210 22 30 41 230 29 150 18 130 32 230 28 10 28 130 11 100 20 100 12 60 3 90 28 70 47 230 7 70 24 120 42 30 32 90 30 60 31 40 6 10 33 100 16 100 49 140 18 160 15 70 40 230 25 60 31 110 46 110 18 30 50 70 48 80 12 200 2 140 19 30 1 70 37 160 3 180 18 70 42 240 23 60 20 170 18 60 23 140 3 40 27 110 37 120 25 110 44 130 10 20 2 60 41 230 42 70 27 180 20 170 33 130 42 20 29 200 22 90 31 50 4 230 1 240 28 120 40 100 11 190 25 200 24 90 39 80 31 230 40 90 39 50 33 110 19 110 34 40 43 140 8 130 28 160 7 30 16 40 30 190 1 140 29 20 27 30 41 200 31 100 18 110 39 10 33 110 20 120 34 80 24 240 20 230 29 90 1 140 29 20 19 190 5 20 49 110 26 200 2 140 41 120 8 110 31 130 23 210 9 240 48 150 48 140 33 110 4 20 5 120 4 180 43 120 32 70 20 60 14 130 37 90 22 190 24 80 34 120 12 40 1 110 2 160 11 130 28 140 4 20 50 180 19 60 19 70 14 90 30 140 38 170 48 190 34 40 33 170 30 90 12 130 38 110 42 210 32 180 18 10 4 80 12 130 13 200 14 30 36 230 3 220 35 190 12 70 22 180 18 200 50 230 48 160 42 220 7 40 47 170 31 20 14 60 18 90 18 20 12 100 3 70 25 240 10 40 20 120 4 230 37 170 40 70 28 200 41 40 2 210 50 200 2 180 28 80 18 130 50 120 23 80 44 30 41 110 50 140 7 70 41 150 5 40 30 210 34 180 25 40 24 190 38 10 7 130 37 210 22 100 2 200 8 130 37 130 28 220 28 180 39 80 49 110 17 120 15 140 17 150 27 90 2 200 2 160 17 140 31 80 50 10 35 90 44 70 22 80 35 50 6 180 40 100 2 60 37 210 15 140 1 110 49 190 33 120 39 30 46 230 50 60 21 220 33 50 28 180 14 140 12 20 49 70 35 220 17 230 11 130 17 230 47 140 40 40 23 30 0 0
120 10
44 10 7 170 6 80 22 150 10 60 4 220 31 120 4 200 39 130 10 240 47 70 26 160 40 240 5 120 37 240 40 90 41 190 3 240 39 70 49 30 20 170 39 120 30 150 29 190 38 50 35 180 7 160 10 80 22 40 49 30 2 60 21 160 30 210 12 80 6 150 8 230 24 140 16 100 43 240 3 70 15 140 32 120 12 20 17 180 11 50 33 170 29 30 17 10 39 100 18 180 48 30 22 40 27 220 5 200 45 100 48 190 30 80 44 10 19 100 39 70 34 180 49 20 12 20 13 210 17 220 33 200 1 80 3 180 1 180 30 110 41 180 35 180 11 90 42 200 23 110 29 220 8 30 22 90 42 190 30 220 23 10 38 30 23 140 41 40 39 70 3 30 1 160 50 10 40 40 3 70 32 20 3 90 28 180 18 150 42 200 31 230 39 10 48 110 10 230 37 120 37 120 0 0
200 70
40 90 34 190 20 60 40 100 3 120 47 50 39 100 11 30 49 220 12 240 12 30 46 10 30 100 0 0
130 30
7 80 31 60 42 160 13 60 45 150 40 120 38 70 37 80 20 70 11 160 37 90 38 110 29 230 45 210 44 240 48 70 1 80 22 200 47 200 46 110 43 150 50 240 37 190 15 10 21 220 23 180 14 200 42 90 15 240 10 180 25 210 41 200 26 230 19 20 23 150 17 180 19 140 41 20 43 110 2 170 23 50 28 70 13 30 44 30 22 110 45 70 18 120 25 30 29 170 34 70 48 40 11 130 11 160 49 100 14 40 45 210 42 220 41 30 50 150 47 240 33 170 43 140 21 140 15 70 12 120 50 80 10 120 50 240 19 70 15 230 49 220 16 60 32 240 29 180 8 90 37 60 25 240 17 120 32 60 26 80 14 50 23 190 17 140 22 240 15 150 22 160 20 140 8 70 18 190 14 110 36 60 7 130 29 240 7 100 22 70 19 60 38 30 36 50 32 190 1 210 43 120 6 40 16 190 45 140 18 120 43 210 15 20 5 130 32 140 48 240 47 50 24 190 26 170 40 40 3 200 41 140 29 10 13 60 3 200 9 180 50 80 14 180 32 170 8 60 44 230 23 170 45 240 37 110 43 20 13 60 2 40 35 230 27 70 7 40 24 230 14 130 35 220 4 170 22 160 32 50 47 110 13 200 48 80 16 110 18 140 40 220 47 90 34 190 16 160 37 240 15 190 30 200 37 50 1 160 21 190 49 230 34 120 11 120 27 210 32 140 25 210 46 80 46 90 39 80 50 100 47 210 23 180 4 210 28 190 41 110 19 90 10 30 43 70 8 210 35 40 12 110 48 80 19 90 28 150 29 150 41 150 16 160 6 90 22 160 10 80 15 60 2 190 27 240 27 10 17 130 3 120 43 180 17 180 43 10 37 150 10 10 42 180 2 190 24 230 47 90 32 200 7 230 42 170 20 50 39 170 25 160 25 100 32 20 15 50 4 40 21 70 25 100 46 230 41 140 1 100 28 130 8 60 14 230 14 50 26 10 12 240 33 170 4 70 19 40 29 40 10 190 21 20 8 40 21 190 47 210 48 60 44 190 27 160 28 90 9 110 38 130 36 170 12 200 30 240 29 170 46 30 34 150 19 50 24 30 10 170 42 40 35 20 29 110 8 210 48 130 9 150 28 190 40 140 48 40 14 150 7 80 6 200 35 90 18 40 15 220 14 150 6 10 42 170 36 160 34 160 38 100 23 40 3 180 26 160 5 120 44 180 2 100 38 10 46 50 42 190 38 110 37 200 3 90 32 180 26 130 43 180 17 60 48 50 2 30 4 100 14 150 48 20 3 220 35 190 32 170 11 90 13 90 46 30 11 230 2 190 12 170 18 140 29 30 7 120 4 40 3 200 46 110 1 10 36 210 49 90 12 170 10 150 17 120 36 180 31 190 24 160 50 110 10 90 29 140 44 80 22 120 25 220 50 70 32 180 45 110 8 160 20 80 10 50 19 220 19 180 29 30 9 160 39 50 34 130 44 80 12 200 27 40 6 80 29 220 2 90 22 210 29 30 21 200 6 130 26 80 9 90 17 190 27 240 24 200 15 190 10 50 22 180 16 100 46 30 49 170 8 230 24 60 20 70 17 10 35 20 27 230 9 30 19 60 8 190 35 60 4 200 31 200 38 80 40 140 9 130 0 0
100 120
14 170 40 10 37 60 36 80 14 10 4 110 10 10 12 240 31 90 6 30 3 160 30 40 27 90 19 180 26 40 33 160 20 10 20 30 34 140 45 10 6 240 45 40 6 160 2 160 31 230 18 210 41 180 29 10 14 170 47 100 26 60 16 130 37 150 35 230 48 30 31 120 31 90 35 10 40 30 31 40 27 210 45 170 26 160 16 170 38 170 33 110 2 50 15 30 18 60 41 20 39 190 18 120 30 230 44 80 35 80 39 210 48 30 18 120 1 70 10 10 24 140 39 30 35 80 23 90 20 210 4 150 42 220 7 190 50 230 11 170 9 90 28 220 44 140 50 120 45 30 36 160 46 40 11 10 41 160 38 100 19 190 43 30 42 40 9 60 27 10 5 210 1 30 10 180 44 240 44 190 9 30 34 20 49 180 32 220 47 90 16 190 27 140 17 220 44 20 31 210 38 130 43 170 45 50 22 210 5 110 17 220 29 40 42 140 34 220 38 210 7 80 35 60 36 30 44 190 37 160 20 40 19 90 24 220 48 90 8 140 8 90 1 140 20 230 24 90 14 230 42 170 27 190 35 160 38 240 1 160 6 30 11 240 42 70 47 110 25 190 13 230 48 90 43 180 4 150 27 50 15 180 32 10 1 50 43 210 15 220 24 150 37 190 19 170 45 140 29 120 48 160 47 130 50 10 42 80 7 30 1 190 8 90 46 70 17 170 10 150 21 220 17 80 41 170 41 10 7 210 5 220 50 60 37 100 13 240 17 70 49 90 2 180 39 40 5 130 35 110 9 210 16 50 35 70 43 150 4 70 3 220 40 80 17 60 9 240 1 100 8 20 11 30 27 140 40 80 16 200 31 240 39 200 40 130 26 130 1 190 19 230 20 230 8 90 31 120 38 130 5 150 16 90 43 50 31 30 12 130 43 110 43 110 32 10 18 210 47 120 26 70 39 50 26 140 28 40 20 200 40 130 30 110 39 200 26 210 28 140 41 180 25 140 20 90 31 190 38 110 44 230 42 200 50 240 10 70 1 210 15 150 36 100 15 210 46 120 36 240 36 180 48 220 5 230 22 110 47 40 24 210 27 20 6 190 21 120 50 130 40 60 25 60 2 220 34 50 34 150 49 140 2 90 42 170 12 110 23 20 7 240 14 80 34 90 50 170 37 100 39 240 36 180 32 40 12 210 22 20 19 70 40 240 33 100 8 30 24 160 33 90 43 50 39 140 43 10 22 240 25 230 41 160 26 140 20 70 7 70 46 80 26 60 40 100 50 130 31 110 49 30 25 120 6 230 26 170 7 30 26 140 44 170 32 10 14 170 16 10 29 230 38 130 46 190 44 120 6 90 12 230 22 180 10 70 49 30 45 100 45 160 24 210 44 220 37 60 40 80 48 110 14 80 26 60 31 90 38 170 4 10 25 220 37 170 38 60 27 160 12 160 11 60 33 210 8 210 8 20 14 110 29 240 16 220 28 110 11 180 47 190 36 200 46 230 36 120 22 90 1 200 28 170 50 50 43 210 36 130 0 0
170 50
25 30 3 190 48 210 15 120 48 210 46 100 7 100 47 160 17 70 40 230 26 180 26 100 36 80 34 100 4 200 31 70 33 20 23 210 3 220 28 10 12 160 21 40 32 210 6 160 36 210 37 20 17 30 9 140 28 60 47 210 5 80 42 150 8 230 47 70 19 180 22 140 30 180 18 180 2 230 40 200 7 70 12 130 5 10 12 220 30 70 37 110 22 230 6 220 25 140 8 110 11 10 36 40 31 230 39 40 5 60 1 10 14 40 2 130 21 110 12 70 5 50 31 90 36 100 27 10 31 130 16 20 41 60 9 10 35 10 9 30 50 20 23 190 30 130 36 190 9 160 8 120 34 90 42 40 4 170 44 220 44 180 34 150 46 70 27 230 14 200 50 130 15 40 19 170 21 220 50 180 42 180 49 190 25 120 47 70 13 210 5 230 42 90 21 10 25 70 32 90 14 150 6 230 1 220 23 230 45 80 41 170 46 210 33 30 17 150 21 90 2 110 4 180 18 40 30 160 33 60 41 50 28 240 13 50 42 50 44 40 4 170 30 240 27 140 44 40 18 90 23 130 50 180 48 200 21 50 14 210 39 110 29 60 20 230 48 240 33 150 6 110 12 100 7 160 28 130 26 10 17 10 26 220 38 90 9 110 48 10 28 190 44 220 44 20 40 30 14 240 39 190 19 110 7 10 50 120 25 160 37 190 35 10 19 120 2 170 40 40 7 220 7 120 45 60 28 10 13 100 30 240 6 20 1 90 50 120 38 60 5 130 35 110 28 200 6 10 7 120 10 70 44 110 33 50 12 40 28 130 19 230 24 150 16 100 27 20 20 160 21 60 41 30 30 170 19 70 43 170 22 20 46 150 18 150 25 170 8 200 49 240 16 120 12 200 35 180 22 170 45 180 5 210 28 60 31 160 12 140 4 150 23 80 32 170 47 220 28 100 5 30 5 210 28 180 23 220 23 120 24 240 36 210 23 90 43 100 5 80 34 130 4 200 14 40 39 230 43 170 43 130 29 150 35 10 17 170 42 130 41 50 45 240 37 160 9 20 5 170 19 30 15 40 43 200 9 80 15 30 48 240 37 210 5 40 28 230 27 220 23 200 40 190 3 230 31 120 1 140 37 70 37 60 14 100 11 220 33 110 27 80 11 210 42 150 24 220 24 200 20 60 12 100 44 230 34 110 4 20 9 50 26 130 14 220 47 120 15 110 15 180 38 30 9 90 22 100 34 110 16 90 9 10 6 70 14 90 32 130 41 10 32 80 12 20 45 200 33 90 8 70 49 230 43 210 23 70 22 20 12 20 30 220 3 180 7 150 15 210 36 130 21 140 30 230 10 150 47 70 17 20 45 180 21 10 13 180 6 50 17 190 19 180 24 80 21 30 21 150 38 130 29 50 33 120 3 100 39 120 47 60 8 130 0 0
110 10
40 100 49 210 36 20 29 210 15 160 7 190 30 20 1 60 28 100 9 130 25 160 44 130 42 240 25 30 3 50 10 240 33 60 23 240 14 240 24 170 22 100 22 210 36 210 2 60 17 20 45 120 22 220 24 60 12 20 41 100 32 40 41 130 18 240 18 40 9 50 28 210 20 60 10 140 15 170 4 50 1 40 2 240 45 210 24 150 48 10 26 70 6 70 33 180 22 100 10 180 14 130 9 180 28 120 24 140 7 160 41 200 9 150 6 230 32 100 15 130 48 110 45 150 15 70 37 240 4 10 11 50 4 130 45 110 21 130 38 240 23 50 5 70 5 200 9 80 31 230 41 140 44 240 2 30 33 170 43 50 23 180 18 100 31 30 31 240 20 150 39 140 24 90 12 240 25 10 21 240 47 120 21 100 37 130 21 10 20 180 27 190 43 120 12 80 0 0
80 40
11 180 43 80 49 70 30 160 47 170 8 60 30 30 32 60 50 10 37 120 49 170 39 180 4 220 18 220 48 100 50 210 34 90 23 240 19 30 19 220 44 190 22 110 8 140 8 110 35 140 38 50 9 210 42 170 49 230 38 80 45 60 2 140 12 100 48 220 31 150 21 100 35 50 50 90 42 140 30 90 30 10 37 240 15 190 36 10 3 70 45 150 39 20 31 60 12 120 10 90 30 160 49 150 5 50 46 10 38 90 20 160 22 220 40 40 0 0
230 70
30 230 33 120 27 150 7 180 41 240 22 170 1 150 37 30 49 80 29 180 9 30 47 40 16 220 49 200 26 170 3 120 2 140 21 120 10 200 19 170 16 180 12 210 42 180 46 20 29 240 35 40 28 200 33 130 4 130 8 200 9 140 9 210 6 200 35 40 11 140 35 60 19 60 37 140 26 70 19 80 44 230 30 200 46 60 3 70 37 170 1 80 8 50 23 210 11 130 9 240 15 200 24 10 40 10 21 90 37 210 27 210 27 70 2 170 22 220 21 100 23 70 35 150 16 220 30 180 8 100 46 50 1 190 20 160 41 150 27 100 45 160 29 230 43 100 45 140 15 50 17 150 28 120 26 200 44 230 47 230 40 160 12 120 23 200 32 120 48 70 2 200 17 240 45 190 1 100 10 230 36 220 2 120 14 30 2 210 38 140 46 210 11 200 17 80 34 200 13 240 22 80 22 140 26 240 45 160 27 40 44 160 29 20 32 190 2 60 4 20 11 20 2 150 27 170 8 50 34 220 39 130 11 180 38 130 49 210 43 60 11 80 31 120 48 50 43 90 27 220 5 140 13 210 37 220 24 240 47 180 42 110 31 200 1 110 30 140 11 30 1 110 15 130 12 100 21 50 47 40 21 120 30 170 43 60 28 170 16 210 50 20 20 150 50 190 4 210 9 220 29 100 41 210 50 40 13 200 28 70 36 60 33 70 27 110 4 40 17 20 48 60 9 50 34 10 45 240 5 50 5 240 29 100 22 130 23 50 13 200 13 180 33 170 27 130 10 150 13 140 20 60 1 90 6 220 16 90 14 120 30 140 16 90 41 70 2 150 26 190 40 10 13 240 24 10 2 140 18 60 40 120 8 150 29 80 17 10 26 10 46 180 11 120 34 160 25 180 21 230 48 30 31 60 1 210 43 240 2 150 39 160 31 160 29 30 42 240 15 210 38 210 43 100 16 100 38 30 13 90 9 80 21 130 8 190 7 70 44 170 19 60 10 140 9 200 15 220 32 60 25 140 50 40 1 190 20 150 50 160 24 180 4 110 27 230 43 30 26 90 34 20 2 40 22 160 45 190 7 120 19 60 5 190 45 120 26 240 24 30 30 100 25 20 5 160 39 10 41 170 14 90 50 180 48 240 34 60 9 200 33 80 12 80 24 240 21 140 43 100 4 20 28 80 16 210 30 110 27 90 43 40 32 10 0 0
60 130
20 20 8 240 39 110 3 80 16 220 15 40 19 210 6 130 20 110 25 160 34 220 11 190 32 80 48 100 5 80 8 160 5 180 26 20 2 120 14 180 32 100 18 140 5 120 36 10 17 230 48 50 16 10 46 100 21 200 25 30 49 130 31 200 1 150 40 20 44 220 4 230 28 220 2 50 24 40 42 120 7 130 18 50 30 210 14 200 9 10 20 150 15 230 25 120 12 120 13 10 7 40 45 50 35 20 15 120 42 150 28 140 33 60 49 100 13 40 26 170 39 60 5 220 21 240 33 140 5 70 34 80 46 90 37 140 34 60 6 140 35 120 26 140 0 0
180 20
29 90 14 50 28 240 8 190 8 170 41 210 10 60 19 50 36 90 40 10 46 140 8 90 34 130 48 130 33 110 29 50 42 160 11 10 43 170 41 150 49 20 25 50 6 100 34 180 22 110 26 210 10 150 10 170 40 180 47 110 34 70 19 170 48 110 20 220 43 60 4 160 38 210 36 20 12 220 13 120 12 100 12 10 41 30 6 80 25 70 1 130 14 60 34 100 16 240 11 60 23 80 44 200 19 60 49 170 14 30 3 110 1 210 10 70 18 30 46 120 4 170 40 20 13 120 4 200 28 240 44 150 30 90 30 120 46 150 8 140 34 210 29 20 23 220 20 70 32 190 3 110 41 60 21 230 46 10 34 110 42 180 43 200 39 50 37 190 29 90 32 80 33 20 47 200 25 10 28 110 27 110 23 80 50 140 29 30 24 220 21 180 9 50 21 140 1 140 29 230 38 180 37 70 26 120 28 210 27 230 45 130 39 30 29 200 25 190 15 110 9 100 38 70 3 80 14 40 44 180 18 190 50 160 44 170 18 190 22 50 40 220 38 200 28 140 24 60 41 100 6 10 2 20 18 80 12 10 47 170 7 220 9 210 38 130 43 220 38 90 7 100 36 230 12 170 36 80 1 240 29 220 19 50 49 180 17 240 37 240 13 150 33 220 34 20 48 220 18 150 30 240 2 140 16 130 9 140 39 50 49 230 16 110 44 50 43 110 31 230 6 180 30 230 4 90 0 0
100 240
15 160 31 220 13 230 49 30 14 80 32 170 24 60 13 120 3 160 28 130 26 90 8 60 10 140 10 110 31 160 37 130 26 50 20 180 38 80 25 190 39 190 8 20 29 40 33 140 16 170 35 60 25 240 33 40 26 180 47 180 11 200 8 50 46 200 21 180 11 40 41 240 48 240 14 120 33 50 40 180 2 50 18 140 9 20 8 220 13 130 13 10 36 140 19 40 4 80 49 110 46 230 5 210 12 190 50 100 11 90 11 200 20 20 32 100 29 240 2 220 14 150 32 110 27 150 5 190 31 80 24 10 23 230 20 20 38 150 13 70 47 190 12 70 34 130 15 60 48 220 44 90 29 230 14 180 39 210 20 240 33 160 9 50 5 140 5 70 3 150 39 200 31 40 42 100 22 210 2 150 30 160 45 90 49 20 42 60 13 230 41 130 33 130 24 110 23 30 10 70 37 60 14 170 36 140 44 90 11 210 7 30 42 140 35 70 46 70 17 10 8 30 45 40 38 90 9 210 23 190 7 180 45 20 25 190 47 190 6 220 0 0
50 160
22 80 14 80 17 130 9 160 29 200 15 190 2 120 25 240 24 180 2 180 16 30 34 40 1 160 20 90 8 100 26 40 31 140 48 170 38 90 9 110 25 220 41 30 43 170 12 50 14 70 32 200 2 220 37 50 38 80 46 20 15 60 49 150 3 90 44 100 24 50 44 80 18 160 41 240 27 50 49 180 45 230 6 90 41 170 21 110 13 190 9 220 9 240 42 110 45 150 27 170 44 100 49 140 33 90 22 180 4 20 29 120 18 170 18 120 31 60 44 90 42 180 19 140 42 140 10 150 22 190 28 90 28 150 7 90 25 180 15 130 1 130 8 40 46 50 26 100 32 180 37 150 38 10 17 20 8 170 11 110 25 150 26 120 24 240 35 120 5 190 2 140 17 230 2 70 29 230 16 80 28 130 44 150 30 200 50 20 28 150 20 150 22 90 5 10 26 100 31 240 37 120 13 70 33 180 36 170 17 80 47 230 11 240 7 130 40 180 43 100 42 130 28 180 18 10 1 30 22 180 19 130 9 60 46 50 2 220 23 100 3 10 36 230 9 220 15 110 12 60 18 220 25 240 15 240 45 30 26 130 13 40 32 80 39 130 28 100 15 120 25 70 30 210 5 210 9 150 46 170 36 230 1 150 41 60 42 80 25 100 32 90 35 20 45 90 6 30 23 130 5 60 25 90 26 40 7 70 15 200 6 50 10 10 39 120 23 30 33 10 40 110 23 210 44 90 40 70 36 90 26 210 46 90 1 140 34 100 1 120 13 70 50 170 25 220 40 230 25 100 9 180 34 200 29 100 50 40 9 90 50 80 23 140 21 180 32 120 40 170 15 100 30 130 12 190 12 120 49 130 15 110 1 50 12 160 31 60 5 130 28 200 26 20 27 20 49 50 12 130 11 240 25 90 17 150 32 150 20 60 8 110 16 50 14 70 37 80 24 20 2 90 22 220 34 140 9 90 49 80 30 160 3 80 23 230 45 140 10 20 3 210 8 40 43 100 11 230 19 90 38 90 38 40 36 240 27 140 40 30 16 60 13 20 32 70 6 160 45 210 39 110 14 120 26 70 1 120 26 120 38 240 18 150 37 110 21 40 40 20 32 180 29 190 13 180 12 50 7 60 33 150 29 100 32 90 18 220 28 90 49 240 38 230 13 150 7 200 33 110 40 220 7 220 2 190 28 220 32 130 32 200 45 120 45 180 22 10 1 180 33 60 13 200 23 40 4 150 31 50 37 210 28 240 26 80 22 150 33 130 48 20 22 230 39 120 8 80 37 160 12 190 43 90 32 160 6 150 22 90 22 170 7 180 48 180 32 130 49 240 47 240 21 220 8 60 25 10 17 90 45 170 17 90 20 70 35 200 8 150 8 90 20 120 48 240 42 210 40 140 29 240 31 30 19 80 32 180 8 100 29 60 28 110 31 200 11 190 11 200 14 100 28 160 23 230 24 220 50 60 7 20 12 240 33 220 19 230 11 20 26 240 30 10 31 30 48 100 3 100 33 200 24 170 19 130 13 240 11 240 31 90 45 240 46 140 23 90 30 110 48 40 18 160 31 170 25 70 33 190 20 60 44 200 28 130 2 210 7 230 21 120 4 20 49 110 16 120 50 90 30 140 2 10 15 170 45 190 22 230 26 140 21 50 35 180 3 40 33 240 27 200 21 220 33 20 5 40 16 190 30 230 3 200 44 20 37 10 14 150 48 90 24 140 40 140 25 100 27 220 16 120 2 110 10 230 3 190 24 140 48 190 19 60 7 70 0 0
80 100
38 180 5 140 29 60 23 40 1 130 11 160 26 180 27 220 27 10 39 70 30 200 38 170 5 60 33 230 10 50 9 230 14 20 18 20 5 220 8 150 17 30 7 180 1 70 10 20 43 160 2 210 12 180 22 190 8 50 11 220 15 60 27 220 41 230 25 190 22 20 43 210 14 150 37 180 46 20 50 50 17 110 6 40 46 180 29 40 42 40 8 70 35 90 33 190 12 150 1 190 22 20 43 200 22 120 1 140 40 190 37 220 11 100 39 20 49 120 10 230 4 220 17 140 39 130 18 50 29 90 28 160 45 60 15 240 18 100 8 50 41 10 13 120 47 70 41 110 12 30 30 20 24 120 49 80 34 180 3 180 14 190 48 160 11 20 1 140 40 210 42 160 44 20 40 40 15 20 22 70 12 210 23 10 19 130 35 60 30 230 28 70 16 140 32 180 27 20 1 90 43 70 37 170 3 130 26 20 12 220 48 240 47 30 17 150 8 60 32 130 7 200 39 30 1 180 49 120 12 120 40 150 48 240 50 240 29 110 33 240 33 240 22 230 40 120 11 150 35 210 5 130 19 190 1 10 5 120 7 60 15 10 16 70 31 110 16 110 17 160 38 90 39 190 22 210 12 230 47 100 48 130 31 240 33 240 11 60 6 190 8 20 18 80 16 90 44 220 50 20 26 190 23 240 34 30 37 110 6 30 16 140 12 50 27 240 20 90 46 240 16 150 46 100 4 240 45 70 44 160 24 190 33 180 24 50 24 140 6 150 24 70 39 210 20 190 28 140 37 130 47 170 16 110 21 70 13 170 25 120 18 30 23 200 40 150 40 30 10 100 4 220 8 200 21 140 50 120 41 190 14 170 2 170 9 180 36 160 38 190 2 20 15 70 45 220 45 210 3 100 46 190 41 20 5 130 49 210 27 80 15 50 38 200 24 40 12 120 4 210 47 210 42 240 37 50 37 200 44 170 2 110 5 20 33 150 18 60 4 220 31 130 18 10 46 120 16 50 38 180 48 150 35 100 42 10 3 120 3 130 43 150 30 30 38 70 36 90 29 100 48 180 31 30 18 160 21 150 39 190 46 30 32 30 29 110 15 140 18 90 41 10 20 30 38 30 23 240 6 110 26 40 15 90 34 230 44 40 10 140 48 90 26 60 13 20 21 200 38 10 18 30 14 150 12 60 39 230 13 180 6 200 21 240 6 190 47 190 50 40 16 230 40 130 7 120 20 80 0 0
120 30
44 200 11 120 2 110 15 70 25 30 15 10 49 160 4 10 13 180 46 190 44 220 23 100 10 140 43 50 28 60 32 220 10 200 9 40 41 90 49 230 17 20 43 240 31 200 26 20 29 90 34 90 4 210 13 60 25 130 21 190 6 170 50 240 5 80 37 210 15 180 31 150 3 120 12 60 46 90 29 150 19 110 50 230 20 110 5 60 17 150 48 180 8 200 12 220 27 210 45 230 26 200 34 190 7 90 33 240 29 40 14 220 8 30 33 100 9 130 16 70 24 160 21 10 47 130 1 100 17 230 1 80 34 130 23 70 46 80 39 210 18 240 4 170 14 30 0 0
120 150
31 50 12 10 7 120 35 160 21 130 32 160 33 230 30 240 21 40 11 220 22 140 8 20 9 110 18 220 43 120 41 190 21 140 49 100 11 230 2 190 23 140 33 210 32 50 7 110 26 160 38 110 1 40 16 130 48 60 18 60 32 120 11 220 16 230 17 60 12 160 37 100 49 180 10 230 36 70 30 130 44 180 7 80 42 130 28 130 19 70 8 40 5 120 28 80 17 60 46 110 33 120 12 180 49 120 13 70 38 210 15 140 3 120 33 20 15 220 45 40 10 210 48 50 4 150 26 240 31 100 22 30 40 150 48 130 1 40 4 160 0 0
70 230
7 240 43 220 30 110 5 200 10 130 44 230 45 90 2 30 13 240 2 200 29 130 27 130 20 70 13 50 29 70 16 60 45 30 31 40 5 120 27 180 42 210 38 80 26 40 47 110 41 130 42 230 31 140 9 140 2 140 48 160 14 20 40 200 15 150 2 90 40 80 3 110 4 80 44 240 36 150 1 10 43 240 14 80 32 210 33 110 41 180 35 210 25 140 34 220 41 60 24 50 36 200 28 100 27 130 14 40 15 210 15 240 19 110 46 230 27 170 11 210 47 160 34 40 22 130 21 40 26 70 34 150 25 110 39 120 17 170 48 230 42 160 17 40 20 200 23 170 50 80 30 10 2 40 28 60 16 50 50 140 10 140 42 190 18 200 28 20 48 20 4 60 5 30 18 240 26 170 13 10 6 220 45 10 28 200 28 160 37 50 25 30 30 240 28 160 10 30 27 90 26 240 5 60 4 220 19 200 29 60 24 220 35 180 42 50 39 40 4 160 25 240 7 110 42 80 10 230 25 210 8 160 41 230 50 170 8 220 11 130 1 40 2 180 28 160 26 110 29 60 28 170 23 190 10 90 17 170 50 30 34 230 9 90 8 170 49 210 46 180 2 120 16 110 12 40 41 190 18 10 37 150 22 210 16 60 20 20 18 120 20 110 10 20 12 90 6 220 40 220 7 180 44 70 27 240 14 60 26 70 11 100 23 50 40 40 34 100 36 50 25 70 43 170 38 170 6 70 47 210 29 210 13 10 12 230 24 70 50 200 8 150 5 130 0 0
60 80
33 120 27 200 13 100 30 110 45 140 12 210 25 30 25 30 50 50 16 20 33 150 47 10 2 120 17 240 23 40 49 10 8 50 29 120 43 50 45 80 22 200 13 190 14 230 7 210 31 70 22 20 44 50 27 200 2 220 2 160 8 80 48 150 34 20 7 10 34 170 13 90 1 80 16 130 46 50 34 50 27 140 35 70 36 180 15 180 42 10 34 60 5 140 18 110 1 160 39 170 15 140 38 40 7 180 14 90 19 120 37 90 5 220 11 200 9 150 8 220 15 220 7 100 47 220 2 90 44 60 15 60 49 30 39 10 24 50 45 100 16 60 11 50 31 200 13 20 43 140 35 110 28 20 44 30 45 70 14 190 48 10 8 170 43 80 17 60 29 210 17 190 47 160 45 140 28 90 49 210 16 220 9 70 30 120 44 230 37 230 32 20 7 180 10 80 3 120 15 110 22 130 50 120 47 190 30 100 50 200 42 70 2 100 38 70 30 130 2 130 42 90 16 170 44 70 5 170 15 110 46 180 43 130 19 150 35 50 9 170 37 40 7 230 7 60 23 190 46 210 13 40 39 190 14 20 29 20 39 10 9 180 23 20 2 230 19 160 27 140 39 130 16 120 39 130 26 230 38 100 22 230 10 30 5 70 25 80 30 40 50 30 14 130 37 170 44 10 30 90 42 70 11 50 41 70 4 70 11 230 47 160 39 210 48 200 13 80 31 180 1 60 30 190 37 210 15 190 31 180 9 200 14 210 12 230 17 120 11 10 29 20 3 120 5 160 34 20 37 30 48 190 8 210 49 110 24 150 44 70 4 30 28 230 34 60 38 100 26 170 41 230 49 40 39 210 47 210 3 140 44 230 17 10 6 40 27 240 47 50 16 130 6 120 37 100 41 100 24 70 37 150 48 60 46 160 6 60 27 90 42 240 26 120 45 10 3 210 33 30 38 100 9 210 29 150 24 240 50 180 27 110 45 150 19 10 1 160 8 20 43 110 27 230 50 140 4 180 36 180 19 150 35 190 3 170 48 160 28 240 29 230 31 150 10 240 1 180 8 220 38 80 22 110 18 110 30 240 29 190 21 170 11 120 7 190 46 210 16 120 47 70 17 180 30 40 45 70 2 230 44 30 17 170 39 20 29 220 13 20 41 130 33 210 11 50 50 60 8 30 25 130 2 210 40 140 41 170 14 120 32 170 22 80 27 130 19 100 9 90 36 110 26 210 34 70 19 100 32 190 17 170 9 190 48 100 7 140 22 230 44 90 49 30 17 90 47 160 28 80 27 180 9 20 48 160 8 230 3 220 25 50 40 200 32 100 29 20 20 30 34 100 34 220 9 110 1 30 46 100 30 140 26 240 30 230 5 140 46 230 29 240 25 80 4 100 50 120 39 80 11 170 15 30 45 180 15 80 37 120 29 10 19 80 29 20 27 80 25 180 10 170 38 70 49 100 13 210 20 120 8 130 26 210 14 70 29 90 49 70 41 130 21 10 44 100 24 110 21 210 3 150 9 240 2 70 18 190 45 130 37 90 45 180 48 60 41 220 35 130 48 90 23 10 1 120 37 170 21 230 31 40 44 210 8 220 0 0
170 10
23 200 42 40 30 100 28 180 25 40 48 220 10 20 41 180 48 240 13 220 17 170 48 30 3 20 19 150 43 220 28 110 36 70 45 60 17 180 39 150 43 190 22 160 9 90 20 140 15 70 44 90 48 180 26 120 21 120 7 60 23 220 22 40 17 220 3 120 9 180 11 150 35 90 35 210 3 80 50 60 42 100 40 210 16 100 17 200 48 90 24 210 21 110 50 20 27 140 10 110 26 240 30 170 30 130 37 40 13 160 47 240 5 150 44 150 10 180 20 100 24 50 5 220 41 20 4 200 35 110 41 100 42 200 9 210 18 240 45 20 6 120 19 190 46 140 28 150 22 160 17 120 41 150 32 20 24 240 19 20 49 190 6 130 25 110 6 20 16 220 23 90 19 130 33 10 24 30 23 20 26 240 45 150 4 30 12 120 17 240 10 70 16 240 18 140 43 20 37 90 25 160 20 40 15 10 43 160 49 170 21 130 24 130 23 180 10 220 16 190 10 80 30 60 7 210 49 110 21 130 9 220 48 230 2 190 15 230 12 160 10 140 10 190 36 140 39 140 5 70 27 110 30 170 11 60 3 190 20 170 16 150 18 120 17 140 29 110 32 190 2 50 4 70 33 200 21 240 8 210 24 160 32 110 28 20 2 90 22 110 10 230 44 20 43 160 35 140 23 150 10 40 10 120 23 10 33 230 6 220 13 40 6 160 39 90 31 140 43 170 26 190 22 210 48 60 33 180 21 90 39 80 26 100 3 220 43 110 3 90 8 60 43 160 6 30 13 30 5 70 50 90 25 30 6 10 4 130 3 60 44 120 25 130 33 230 8 180 20 100 38 150 12 60 41 60 40 200 7 100 14 130 10 240 33 180 13 150 42 150 20 160 21 60 26 170 45 240 44 130 44 230 45 40 7 190 16 60 26 180 18 70 19 60 6 60 14 40 12 60 17 10 2 70 12 160 49 120 41 30 38 240 40 130 22 10 25 220 33 190 29 200 9 130 48 190 11 200 30 200 10 190 38 140 16 170 46 190 38 150 41 60 42 100 46 80 30 110 14 30 15 160 14 210 46 110 43 30 19 80 20 220 17 140 28 190 9 100 47 170 33 100 30 100 4 100 15 160 3 50 3 40 40 90 25 110 43 50 45 200 37 130 37 110 32 10 30 120 8 160 23 50 48 180 37 190 28 140 41 190 37 60 35 30 28 70 17 10 47 80 50 70 14 210 43 160 33 230 11 170 8 80 48 100 50 120 17 230 2 50 35 60 16 130 9 30 33 120 33 180 3 220 12 40 32 80 36 30 39 110 11 230 16 230 19 160 19 120 27 20 10 50 29 130 30 70 49 70 33 70 24 90 43 220 44 230 21 90 47 80 2 120 25 160 9 140 12 230 17 70 10 140 22 80 16 190 16 10 17 50 41 70 43 80 42 230 7 240 2 240 29 190 40 200 12 210 47 100 39 170 30 20 47 220 21 80 34 10 25 90 22 240 37 180 17 150 13 110 23 110 22 40 18 50 30 150 46 220 34 120 36 50 3 80 46 50 39 100 3 230 35 160 15 90 6 140 13 90 50 10 9 160 16 240 13 130 28 140 49 230 45 130 46 190 17 190 12 240 10 160 18 70 25 180 3 10 39 100 38 190 10 120 19 80 11 80 5 190 30 230 33 210 23 100 23 40 23 50 49 240 40 230 2 240 16 160 20 210 0 0
230 20
22 100 39 140 31 200 32 160 1 40 16 120 43 40 28 10 31 10 24 60 50 50 19 20 30 240 48 130 30 220 31 220 39 140 38 90 7 10 19 190 44 70 34 190 41 60 5 90 14 140 14 40 40 50 35 20 41 90 17 190 22 150 36 120 42 90 35 220 25 220 34 110 31 60 20 100 30 190 41 180 13 240 31 180 20 10 17 150 48 210 23 200 50 30 28 10 5 220 36 20 13 10 40 100 9 150 21 220 46 100 46 60 26 240 25 20 5 40 21 240 47 10 10 170 44 180 48 230 30 40 7 130 11 160 30 70 35 220 33 60 39 100 8 240 18 90 22 40 7 210 46 240 5 20 4 150 49 150 15 180 34 100 4 60 43 240 1 210 12 10 28 240 10 240 48 40 14 10 25 100 14 40 23 30 40 60 11 170 36 130 9 10 44 100 38 180 31 200 34 50 21 110 11 180 37 240 31 230 45 180 13 200 43 210 35 100 4 170 27 180 44 160 33 190 1 240 50 60 11 110 48 170 1 180 13 190 42 160 10 140 48 130 34 30 19 240 37 60 45 70 18 30 32 50 31 190 35 20 32 50 48 200 9 10 9 90 26 230 20 60 36 60 44 20 26 40 43 70 20 100 10 140 2 150 6 80 15 60 27 210 48 140 25 140 31 10 29 180 22 10 28 40 6 110 38 90 8 180 2 10 25 30 1 160 35 160 30 60 30 170 19 110 2 30 6 50 10 100 41 220 5 140 28 140 36 10 30 20 39 150 3 110 35 220 22 120 25 90 42 180 8 70 39 70 6 190 14 120 41 10 27 130 46 90 24 20 45 40 10 100 34 10 15 80 18 230 15 90 43 130 22 40 36 190 14 220 16 230 26 180 44 120 4 70 40 110 3 40 50 70 34 230 15 190 45 210 10 10 32 80 8 90 9 150 37 70 10 110 37 160 25 180 27 160 45 220 44 60 38 30 22 130 40 50 38 190 36 20 32 230 32 190 29 50 3 40 36 160 46 140 17 180 29 60 48 90 15 30 28 220 18 200 20 70 44 40 2 110 5 140 41 150 46 130 35 190 23 60 17 110 26 160 11 50 16 210 9 200 6 190 47 50 19 90 34 230 28 130 13 180 11 230 4 240 9 170 34 80 14 220 5 200 31 230 6 50 31 170 1 120 43 240 33 190 42 90 34 200 31 200 1 40 22 30 22 80 29 20 2 200 15 30 26 60 16 130 46 210 29 90 4 10 45 50 48 110 14 230 15 230 40 140 12 180 27 80 9 170 25 240 13 100 42 210 20 150 5 180 49 110 37 30 1 190 48 210 19 70 47 140 8 210 50 80 11 70 32 100 28 200 12 10 7 180 35 240 39 20 20 180 6 80 28 170 41 130 48 210 48 220 26 200 45 40 24 130 4 150 34 210 4 190 44 150 12 190 6 190 35 50 21 70 50 60 14 80 12 240 21 200 25 90 44 150 44 120 9 130 17 220 40 50 31 60 50 180 4 10 21 20 10 190 31 240 3 100 36 100 39 80 30 220 1 190 27 160 12 230 26 180 20 130 37 180 47 140 32 140 20 140 16 210 36 30 43 10 47 170 16 220 32 240 41 160 48 80 13 190 27 200 32 240 23 220 22 120 25 10 29 120 37 190 17 50 15 200 18 60 26 210 31 180 46 30 34 190 41 90 14 100 21 40 2 100 0 0
10 150
48 210 12 170 48 110 33 60 20 70 47 80 48 90 44 180 24 150 45 80 3 220 33 110 41 70 17 110 14 160 34 150 37 160 17 80 7 90 29 40 44 190 14 90 36 200 27 240 14 230 29 30 9 140 29 140 43 50 4 20 20 150 30 30 30 40 50 70 5 40 6 120 26 10 1 40 37 180 35 110 42 10 34 130 8 240 34 220 45 230 49 140 25 240 40 80 49 40 38 190 18 170 42 120 19 80 22 10 23 130 17 40 23 40 48 210 4 50 24 130 5 170 26 30 21 200 13 130 11 220 25 50 15 130 46 170 44 140 3 230 45 230 34 130 18 50 9 80 20 190 48 110 8 90 35 60 43 200 38 120 16 130 13 160 10 80 48 200 31 230 2 90 4 100 41 30 45 200 20 160 31 230 10 170 16 90 29 130 48 50 28 180 8 40 47 80 38 150 30 140 13 70 24 170 34 160 18 10 12 140 29 170 26 180 37 190 40 120 23 240 9 90 14 150 25 80 49 20 45 110 50 140 13 90 43 190 37 240 21 130 9 50 17 90 25 230 28 20 25 140 32 10 7 220 35 210 29 200 43 120 25 150 10 10 48 10 45 240 24 20 16 10 29 10 32 10 1 160 5 200 33 20 21 100 28 10 7 150 31 70 36 170 20 50 25 210 30 160 8 40 14 210 17 230 8 120 49 210 8 160 32 100 37 80 33 70 42 150 12 110 31 180 45 100 45 200 6 60 9 210 6 60 20 230 29 130 20 240 49 20 47 220 35 120 4 50 34 200 3 30 43 10 13 200 29 100 13 140 44 70 33 150 14 80 33 200 42 80 1 180 6 140 35 100 30 100 29 40 49 60 47 110 5 50 4 120 38 80 43 70 19 50 15 170 50 220 35 100 37 180 14 70 37 170 44 20 28 170 1 130 32 180 33 240 27 120 31 80 25 120 14 60 42 90 28 30 49 30 15 90 25 90 49 110 33 30 46 220 10 90 9 90 15 100 15 20 19 60 0 0
60 200
8 70 8 230 38 70 20 40 7 170 6 50 50 200 26 100 28 240 32 60 31 120 5 20 5 140 13 10 11 50 40 200 6 20 20 230 47 40 2 180 11 190 33 130 28 190 38 100 18 20 39 90 20 30 33 90 48 60 3 110 36 190 25 40 37 100 5 150 44 170 32 190 45 50 14 80 19 180 19 60 33 190 37 140 18 60 49 220 44 60 33 110 48 80 37 200 41 220 20 170 17 20 2 110 47 20 34 30 45 190 49 150 47 230 49 110 15 110 15 200 30 120 5 140 47 220 10 180 21 200 14 220 38 170 15 70 30 160 11 210 3 180 7 10 50 60 27 240 18 170 1 200 24 50 23 110 32 170 34 60 37 190 23 170 48 210 19 140 11 20 29 110 22 50 9 130 40 20 16 110 46 50 31 50 20 140 25 230 32 170 30 240 33 130 7 50 24 210 1 190 12 20 23 50 9 50 28 140 18 180 31 150 20 80 3 170 24 150 7 190 9 120 40 110 13 10 12 110 0 0
40 190
19 90 33 70 38 190 2 90 9 130 11 170 1 190 24 170 19 230 36 50 46 180 5 140 42 210 44 240 32 20 13 100 14 80 17 50 9 160 25 110 42 110 8 220 32 130 30 210 14 190 16 70 8 30 24 90 44 80 21 170 21 170 2 70 43 30 26 70 23 90 43 60 23 80 35 50 44 190 41 100 28 10 44 170 12 130 14 90 36 230 44 240 28 210 16 70 50 90 29 130 11 60 22 90 3 200 10 50 19 170 31 180 3 50 49 100 10 80 43 30 25 220 48 40 27 60 45 170 11 50 34 140 45 40 38 80 42 30 30 70 41 210 18 140 43 160 50 30 27 190 43 50 45 60 14 150 4 230 23 160 15 40 42 180 40 40 31 170 17 190 34 160 50 30 29 140 22 90 10 140 3 30 42 190 14 30 33 130 46 240 14 90 30 120 30 80 38 220 17 40 2 230 1 130 39 190 50 240 45 150 8 170 48 120 41 160 15 110 23 100 43 40 39 220 33 110 31 30 12 240 36 110 48 150 40 50 18 70 11 130 11 160 48 200 41 110 2 100 26 140 43 10 24 160 19 10 44 220 39 190 11 240 21 180 32 20 17 140 28 220 35 180 10 20 0 0
160 20
28 190 37 200 5 60 7 220 41 30 47 150 25 10 38 200 11 170 2 80 35 170 22 70 45 190 12 70 47 30 18 90 20 50 18 100 31 240 8 20 7 220 50 190 47 60 18 200 24 50 43 150 1 60 10 50 14 150 50 130 25 90 13 210 13 160 46 20 14 40 26 240 33 90 7 60 18 150 44 10 35 210 43 120 23 110 13 180 2 150 27 200 11 30 28 100 17 180 16 70 46 230 6 180 37 10 17 190 9 20 19 240 8 30 50 180 3 50 11 100 17 160 22 160 43 50 13 210 11 140 4 30 15 110 26 30 38 10 11 120 45 120 15 40 25 160 45 80 44 30 15 90 34 60 45 70 48 150 40 110 43 10 1 230 16 230 47 110 27 50 5 190 49 200 8 210 13 50 22 210 7 30 2 90 31 210 22 200 12 140 33 130 40 110 45 110 37 90 10 20 43 70 50 160 13 80 36 120 45 40 15 30 20 20 24 170 34 230 47 100 4 60 34 20 24 220 36 210 46 150 39 190 32 230 25 150 40 160 21 240 21 130 9 150 9 160 21 240 38 70 47 210 23 80 11 40 42 240 25 160 44 100 23 240 23 80 9 90 15 190 4 30 26 150 42 80 6 180 41 10 47 20 42 180 38 240 4 120 7 170 16 100 32 80 39 170 32 230 50 30 39 20 26 230 24 170 20 80 37 40 18 50 27 120 5 50 17 120 33 70 31 50 48 100 36 70 0 0
60 130
26 120 27 10 36 220 8 130 48 140 34 230 32 90 48 60 13 240 5 50 22 20 17 130 41 150 18 200 43 90 24 70 38 190 5 200 39 40 11 110 21 150 34 150 34 90 3 80 45 30 23 190 28 100 15 170 14 230 26 70 38 90 44 200 43 50 1 100 11 30 20 80 49 150 40 50 13 180 20 90 20 10 33 140 46 40 36 90 4 210 19 10 45 190 37 200 14 20 12 190 10 240 38 180 30 40 4 100 45 150 8 50 6 10 39 240 3 140 33 90 38 140 27 60 23 20 42 200 37 20 14 100 49 170 28 160 38 240 7 140 40 130 7 180 17 80 41 110 17 140 23 50 16 150 18 90 36 210 3 200 42 80 26 100 40 10 35 210 44 30 23 110 24 90 14 170 31 110 5 60 50 180 45 70 1 240 3 170 5 90 29 40 3 210 50 240 20 120 42 170 4 190 5 170 16 190 27 110 6 100 50 80 10 130 2 90 9 200 29 70 38 210 42 60 31 140 11 160 13 170 24 230 43 100 25 240 16 60 50 80 47 220 5 20 5 210 24 100 16 200 27 20 39 40 4 150 46 70 35 160 38 130 35 150 1 190 9 30 32 160 15 110 29 110 31 70 24 230 5 80 23 50 4 220 11 200 23 110 32 10 1 150 14 150 30 110 13 220 5 150 31 200 25 40 1 170 16 60 25 60 30 60 36 20 19 40 16 120 27 30 2 240 26 100 38 140 14 210 38 240 31 240 25 190 6 190 48 210 1 90 14 110 44 230 28 170 3 100 15 140 5 100 48 120 7 150 26 170 11 170 18 240 44 40 44 60 28 210 5 10 47 180 42 190 37 150 6 160 45 240 6 100 33 160 27 190 35 110 15 60 47 70 29 240 3 210 32 60 17 20 34 110 39 240 33 60 11 120 15 180 7 210 25 230 29 150 17 130 12 230 29 70 22 130 40 110 35 50 21 230 12 190 50 60 5 240 19 100 4 50 36 60 38 190 7 150 50 160 7 160 38 190 24 240 22 30 13 10 28 50 47 230 41 90 43 240 25 80 32 240 42 240 37 30 39 120 6 130 16 140 8 150 3 210 15 150 1 30 13 30 16 70 21 180 38 70 6 110 23 10 10 180 16 120 21 30 43 120 6 30 37 70 14 90 6 230 17 90 13 150 10 60 30 110 15 110 23 120 44 130 17 140 46 90 1 230 48 230 42 150 28 40 19 40 48 20 6 90 28 230 42 200 48 180 35 180 31 190 0 0
180 230
18 80 7 70 6 240 14 50 14 110 10 30 5 230 48 30 50 10 8 220 33 40 4 210 10 230 2 200 14 40 43 240 22 90 46 120 9 40 44 130 12 170 5 20 26 80 29 100 19 100 33 80 2 180 5 40 21 60 39 130 30 30 19 10 22 130 31 160 28 110 33 140 31 140 2 30 45 50 10 40 9 130 20 50 2 170 43 70 9 240 29 110 10 10 9 20 16 210 46 50 1 100 43 70 16 110 23 60 23 100 33 130 48 200 25 10 33 70 26 230 47 160 32 40 6 30 15 240 7 140 16 90 50 100 47 220 11 90 27 40 23 70 42 80 1 90 35 100 25 140 27 200 2 190 46 90 47 110 35 60 10 200 48 150 2 110 3 220 28 240 30 180 43 190 38 100 14 240 8 70 49 10 19 30 2 220 47 190 28 40 41 220 29 180 19 220 32 70 4 20 36 220 12 190 28 110 42 160 48 50 26 70 17 180 11 80 17 170 10 190 5 230 12 150 2 140 10 60 10 70 31 50 30 20 41 160 14 210 31 210 27 150 48 10 7 130 50 80 45 230 44 20 4 90 2 50 19 220 19 200 10 170 9 80 12 180 2 130 14 200 24 30 32 240 27 150 6 40 2 120 25 150 10 110 35 150 16 20 13 50 42 160 47 230 14 110 41 40 37 70 46 210 14 80 5 130 24 100 1 70 29 230 17 200 45 100 3 170 35 240 48 30 42 220 33 70 34 80 30 50 46 50 12 220 25 170 3 170 44 100 37 40 35 240 45 70 24 130 11 110 18 120 40 170 44 120 24 120 20 220 18 210 26 90 48 240 46 10 7 160 0 0
210 20
42 20 30 230 40 120 8 40 15 20 24 160 21 200 2 160 9 90 47 40 35 10 19 230 34 160 21 160 37 80 22 130 50 120 3 240 50 70 40 120 3 10 3 160 15 20 48 120 44 100 21 100 8 40 37 140 42 20 47 160 14 100 5 170 26 50 19 10 15 240 40 230 32 180 14 200 42 20 47 140 50 40 14 170 44 240 41 100 27 190 8 100 41 20 12 20 38 20 40 30 25 100 9 100 21 200 14 10 42 240 26 170 10 40 14 100 41 160 41 50 31 130 32 110 30 180 33 190 11 110 11 150 13 100 23 20 41 30 9 190 39 140 32 220 26 110 50 60 24 240 44 10 34 240 10 150 28 150 29 110 49 60 15 150 28 110 4 50 44 40 27 240 2 60 2 90 47 60 37 160 44 220 4 90 49 150 14 130 49 90 26 40 27 80 3 190 29 90 35 120 14 200 35 70 9 70 6 200 10 200 33 170 46 140 31 220 50 40 27 150 23 160 50 200 23 220 45 220 49 50 12 10 44 100 15 150 23 30 2 20 1 120 7 130 28 130 5 40 50 210 9 170 32 190 14 60 11 110 29 110 3 190 9 220 27 130 42 120 38 50 14 110 0 0
180 100
10 140 13 60 18 60 7 110 36 100 22 10 46 170 13 40 31 230 37 190 37 190 4 100 8 170 38 70 9 160 34 160 48 190 35 50 36 130 21 170 11 10 1 70 33 110 49 110 8 120 23 20 36 40 7 140 31 200 5 80 22 110 6 80 7 160 17 30 31 90 25 20 49 50 16 20 30 10 24 230 35 110 50 230 47 20 17 200 17 20 7 80 12 80 24 110 6 190 13 180 27 160 36 160 34 170 19 210 29 40 30 130 30 200 20 10 50 130 25 80 26 110 31 200 8 170 14 150 39 140 36 180 40 100 42 20 1 180 10 210 10 200 20 190 30 210 19 140 2 150 37 210 31 230 13 210 34 80 2 150 14 20 22 60 5 230 38 180 44 10 7 230 9 230 5 160 9 100 31 70 3 190 10 70 39 140 40 210 42 130 22 160 2 90 16 220 32 220 4 80 17 100 4 170 10 100 21 100 41 40 22 130 46 190 5 240 2 50 10 30 48 20 44 30 2 210 32 110 9 100 19 220 39 120 35 30 24 30 5 50 8 130 42 160 22 20 0 0
110 80
22 110 36 200 45 210 10 240 45 220 8 70 2 150 45 50 31 70 12 10 10 150 33 30 29 90 18 210 41 120 28 150 43 180 32 110 17 170 35 110 33 20 6 100 33 190 21 160 38 10 33 200 36 140 17 150 34 10 43 200 46 150 40 90 14 10 50 90 45 80 48 90 37 40 19 130 0 0
80 100
26 210 20 120 49 130 35 170 16 190 46 140 24 220 4 90 20 180 17 180 17 200 37 90 40 140 17 40 20 170 18 30 4 200 18 70 50 150 5 190 13 190 10 100 42 210 25 80 25 40 33 70 20 20 42 30 25 210 9 180 6 50 26 110 38 40 25 200 16 60 15 110 42 60 45 140 24 220 49 30 5 160 20 120 26 240 35 220 22 100 42 70 6 110 50 120 33 100 5 120 31 100 49 190 18 150 22 70 50 130 33 140 21 60 22 10 37 80 32 150 33 30 39 60 25 40 8 190 13 100 27 80 39 70 25 180 9 180 10 30 15 70 23 80 31 130 8 100 36 190 40 180 42 210 46 170 14 210 25 220 8 40 28 40 23 220 21 30 14 160 43 220 3 200 41 40 13 110 10 10 29 210 4 210 4 40 11 230 50 230 43 10 41 200 45 60 6 30 30 70 45 100 28 50 15 110 15 90 46 130 49 50 50 30 10 90 12 220 21 160 17 80 24 180 3 230 6 60 6 130 20 40 8 100 27 80 30 80 14 190 33 120 47 210 43 220 43 220 36 160 11 80 8 230 24 140 42 170 41 220 29 210 46 180 4 150 30 40 3 50 48 130 26 90 3 210 44 50 9 80 50 170 23 60 33 240 44 180 15 20 41 40 5 70 12 210 41 170 33 140 13 180 41 220 41 10 50 130 37 220 5 170 17 50 48 30 23 110 36 230 50 130 22 240 40 100 25 20 24 80 50 180 7 210 29 240 30 70 32 120 43 20 20 80 48 180 22 10 17 150 5 140 50 180 19 120 23 90 20 220 3 10 43 240 39 90 33 170 28 130 26 160 27 80 2 100 35 50 4 120 28 220 28 230 2 210 3 10 31 190 8 160 45 70 33 220 14 240 42 200 41 130 23 10 40 110 26 240 23 130 43 80 44 180 2 80 17 10 32 30 12 200 29 80 2 190 46 180 17 200 22 180 27 190 9 230 19 80 5 200 37 40 31 60 30 50 33 120 11 10 31 110 46 220 17 60 17 130 4 210 21 90 48 130 46 120 46 90 15 120 32 30 24 120 2 170 13 220 39 60 34 170 38 60 22 50 8 130 34 180 23 110 21 10 5 180 10 240 35 140 27 210 14 120 44 210 45 240 27 80 3 160 19 110 43 180 7 150 31 220 35 170 1 110 32 90 29 240 44 240 26 30 15 100 43 140 20 120 42 90 47 50 3 50 6 190 46 210 21 170 47 120 33 70 31 30 36 170 29 20 5 60 46 240 38 140 11 160 10 100 3 160 21 90 3 170 15 80 17 230 34 150 48 30 46 50 7 210 32 40 9 220 34 230 28 10 43 60 45 10 6 180 10 200 4 160 42 170 16 90 7 20 43 70 23 20 28 10 18 70 47 30 32 60 13 60 12 140 23 20 28 200 20 50 6 60 45 190 23 180 48 100 15 230 20 140 3 160 41 230 6 120 25 150 41 130 46 170 31 140 42 30 22 120 0 0
120 30
3 120 2 20 30 80 12 190 27 120 19 240 44 30 43 180 29 220 20 170 50 40 14 10 14 70 7 160 38 40 49 30 40 180 25 90 11 100 39 90 46 220 40 30 23 240 20 80 4 200 39 150 34 120 21 220 20 120 47 70 4 190 23 90 18 140 49 190 26 240 2 200 35 80 32 90 43 130 29 70 16 140 29 80 31 220 27 60 13 240 32 120 50 220 35 20 22 120 22 20 27 230 43 120 33 210 15 220 27 40 33 50 40 80 22 170 39 150 4 130 27 70 19 230 30 230 44 40 8 190 12 40 20 10 32 240 29 20 13 220 32 210 16 100 47 60 49 50 24 110 27 90 29 210 22 190 7 130 49 110 43 150 45 10 14 40 42 220 27 100 4 140 3 50 18 50 18 200 3 160 34 180 28 130 45 90 33 140 36 10 46 50 21 120 40 100 22 150 35 160 16 10 49 20 8 190 30 20 18 140 25 130 27 30 17 150 18 240 21 110 7 230 40 240 44 150 37 180 13 10 43 10 7 110 37 100 20 200 1 160 19 160 16 230 15 150 9 210 34 220 47 110 41 230 36 100 19 100 14 10 34 130 11 200 47 100 47 140 4 180 3 120 6 110 9 160 36 240 30 70 33 80 34 110 8 110 30 30 0 0
180 20
33 10 40 100 30 10 40 130 14 190 31 70 25 60 23 230 46 40 43 60 8 170 43 40 34 210 24 80 13 200 32 30 19 220 10 200 20 230 48 230 45 150 18 90 45 240 12 120 7 80 23 200 41 130 10 190 7 160 40 120 2 130 34 30 7 100 50 10 9 40 1 40 7 90 2 160 13 220 43 110 3 240 1 180 13 230 41 80 40 130 26 60 9 70 5 60 19 240 19 210 50 130 14 200 49 220 48 100 27 70 16 220 31 20 50 100 22 190 6 10 18 190 11 200 37 150 41 70 50 170 5 30 31 130 18 160 31 170 2 200 39 60 17 60 9 130 5 50 39 20 19 70 35 40 44 230 39 160 31 120 4 50 9 110 21 80 29 20 46 40 43 210 21 70 38 110 2 100 47 190 23 230 9 130 42 240 4 20 15 110 6 230 34 240 21 70 26 90 10 230 38 140 47 150 34 160 50 40 12 130 50 30 36 210 37 90 47 140 38 120 35 20 22 40 17 220 33 50 12 110 13 140 33 10 4 80 23 100 18 230 11 10 8 150 23 100 16 140 11 240 25 90 41 120 16 100 39 110 46 80 21 120 33 190 19 190 24 110 31 60 47 90 49 140 26 230 3 60 19 180 10 130 22 120 21 40 42 200 27 190 13 30 18 100 35 90 3 200 2 30 6 210 1 80 48 80 14 30 3 160 22 80 34 60 41 40 46 180 48 40 16 230 7 40 50 220 49 130 42 60 50 80 24 160 7 180 33 60 50 230 5 30 30 30 14 170 45 170 10 220 33 190 30 220 36 160 30 230 17 140 10 200 49 210 38 200 25 120 23 70 8 70 14 150 15 10 41 20 19 20 48 170 16 240 47 170 23 120 44 200 44 100 4 90 29 40 39 220 47 10 21 60 42 50 48 40 22 70 40 90 47 160 12 150 6 190 4 200 8 30 32 120 26 120 36 130 12 90 44 10 4 50 19 160 11 20 10 30 49 210 1 110 21 10 27 240 16 150 13 150 35 210 32 110 1 100 47 180 44 200 5 210 31 40 16 180 32 20 12 70 2 20 5 160 9 120 29 40 10 160 30 230 24 190 27 10 27 130 34 190 40 110 5 20 22 230 50 120 9 40 49 120 39 90 17 30 48 180 28 60 2 60 28 210 42 180 41 180 8 100 50 130 20 120 43 60 40 150 9 120 20 30 12 230 32 150 24 230 8 90 19 110 34 60 25 90 28 50 45 110 10 70 4 10 28 240 13 220 18 110 49 30 22 70 38 120 11 180 42 120 15 160 30 100 30 180 42 100 11 70 45 90 19 190 45 170 15 80 0 0
140 140
14 240 42 70 32 110 27 30 1 90 50 70 31 40 25 220 26 70 9 210 30 100 11 20 42 50 5 240 7 160 9 120 46 160 43 130 42 60 9 180 24 90 21 40 13 140 21 130 41 170 37 120 15 110 15 20 23 70 27 70 25 180 30 130 32 170 46 230 48 10 28 190 33 40 21 100 1 160 39 140 42 50 1 160 5 140 9 240 35 20 10 190 49 230 47 140 24 90 17 220 47 100 41 80 28 240 37 220 5 30 5 70 36 110 18 240 33 210 50 150 39 100 26 230 37 80 42 80 16 180 36 60 23 80 3 210 19 40 26 60 7 40 49 210 21 30 18 230 2 130 34 150 32 120 19 130 6 130 26 210 35 170 41 120 16 60 2 10 29 130 29 150 39 20 4 40 1 180 18 70 49 110 3 70 16 30 36 180 44 20 12 80 44 110 18 190 17 80 21 80 16 170 43 110 31 150 4 190 18 90 37 140 33 240 19 90 37 190 36 70 39 110 38 30 40 170 44 50 5 150 19 30 42 170 42 110 45 210 7 170 40 40 22 90 35 190 44 220 23 100 22 130 11 220 12 30 23 100 41 220 26 30 4 50 30 180 35 120 19 10 2 230 20 180 31 240 48 110 27 90 17 100 48 50 34 100 45 70 30 10 49 240 39 10 3 90 32 110 41 100 21 60 21 40 32 60 4 100 42 60 38 60 30 210 23 170 12 160 32 190 3 30 28 220 28 120 38 100 23 240 38 190 23 140 10 170 1 190 5 130 42 80 26 90 31 210 38 190 33 60 43 20 41 80 42 200 32 80 37 40 24 70 19 110 2 30 5 190 43 190 37 20 47 70 17 140 2 110 20 190 25 60 18 90 19 20 31 130 39 120 48 150 4 230 43 140 49 10 2 240 41 170 20 130 6 100 22 40 29 10 36 200 1 50 45 110 43 190 29 30 21 20 24 20 36 50 27 50 28 90 30 40 33 20 28 170 6 150 25 240 23 140 18 70 30 200 41 130 5 140 49 130 49 190 32 20 17 140 3 100 24 60 22 240 26 50 48 80 33 230 6 220 48 40 11 10 40 230 34 230 29 160 24 120 46 190 32 50 29 220 17 20 35 210 44 170 39 100 26 170 50 10 40 10 16 230 29 160 18 20 4 110 23 80 0 0
130 110
6 120 32 20 8 170 10 20 22 60 1 150 23 210 35 20 34 240 22 240 40 170 8 100 28 240 47 100 16 200 7 160 24 220 4 170 25 100 28 140 30 190 9 240 22 200 42 200 25 230 29 190 12 110 42 80 38 80 36 220 13 140 31 130 25 170 49 10 35 40 17 50 7 60 25 160 46 180 22 160 5 70 10 90 49 140 14 40 31 30 11 240 19 210 2 240 31 110 3 20 27 170 12 160 14 240 39 140 41 190 41 90 34 230 12 240 2 230 5 60 14 30 15 50 39 130 10 200 50 140 41 230 34 100 13 80 21 180 47 40 2 100 35 180 33 40 48 100 10 240 4 20 40 120 32 190 36 240 29 140 20 150 47 10 8 160 22 40 4 210 11 190 48 60 15 210 21 240 26 200 38 100 19 110 28 30 23 50 5 160 35 120 41 80 41 170 41 220 24 210 32 70 25 190 29 190 5 100 38 190 41 130 48 180 5 100 21 120 11 140 14 130 13 130 47 120 42 170 31 150 30 130 3 220 16 140 18 230 45 220 1 190 47 190 25 80 40 170 43 30 27 110 48 160 27 150 3 60 41 210 13 230 1 70 27 230 38 60 40 90 42 70 34 180 7 10 30 140 22 230 33 220 39 80 20 160 14 60 1 50 14 180 10 140 34 20 26 40 19 210 47 130 37 90 13 140 40 40 27 10 44 120 12 70 22 60 33 230 11 220 20 160 4 90 20 60 19 240 3 80 2 210 23 190 1 150 8 10 5 210 37 110 42 40 46 160 10 230 30 230 39 10 41 190 34 240 50 140 43 210 37 110 6 60 38 60 12 110 33 20 16 70 50 220 6 220 12 40 3 20 18 240 42 50 3 190 27 90 23 230 6 130 29 10 16 20 49 40 34 80 16 200 27 220 32 230 45 150 22 20 31 190 22 160 31 170 4 240 15 30 43 170 25 30 11 240 50 120 39 80 39 10 1 100 10 120 29 70 47 70 14 110 12 40 18 240 16 120 14 70 17 10 42 160 39 230 24 140 24 130 10 110 29 150 27 100 36 120 5 190 35 160 12 30 36 80 41 100 15 10 34 140 20 220 38 120 32 70 21 180 37 30 43 40 8 170 19 160 5 190 28 80 24 240 30 120 22 100 29 230 36 150 17 240 17 100 32 160 15 50 34 200 50 230 1 150 19 110 12 80 7 180 18 70 1 80 46 30 43 180 34 240 21 180 2 220 34 180 36 50 33 210 6 80 2 210 43 210 38 190 25 20 29 120 29 130 30 110 36 190 49 90 22 140 48 130 2 80 39 180 32 110 7 80 5 230 9 170 44 100 49 60 46 80 22 160 13 70 15 50 45 230 10 240 23 110 2 120 14 130 4 230 3 150 45 140 30 10 18 20 8 80 23 220 1 70 45 30 3 170 34 120 37 80 6 170 48 120 33 130 3 20 12 50 13 40 0 0
140 190
42 20 6 50 36 230 25 70 1 230 22 170 39 130 35 100 29 140 16 230 20 130 4 90 1 160 7 90 1 100 23 170 10 50 4 200 6 150 46 160 16 200 32 120 18 140 22 100 30 80 3 100 42 110 34 200 41 150 19 210 29 160 45 70 45 140 1 230 22 150 1 80 19 230 28 60 29 170 32 220 44 210 27 100 6 30 2 130 41 70 50 110 15 60 18 80 44 50 34 50 24 240 20 110 29 190 40 60 49 80 26 220 43 20 48 140 9 10 14 40 29 70 36 70 49 160 1 220 21 120 9 70 50 210 30 30 11 240 36 130 11 60 6 110 24 180 32 90 1 230 9 190 26 30 1 120 14 140 12 80 39 150 13 220 21 180 43 10 13 100 32 80 42 80 19 170 44 220 36 70 40 130 7 100 27 220 3 100 39 90 29 80 18 220 26 90 39 20 2 140 9 220 50 170 31 190 42 160 33 100 36 70 10 180 25 210 25 40 22 190 42 60 13 30 6 100 44 230 45 10 45 210 13 170 27 70 43 120 36 140 13 150 16 230 16 80 39 80 40 240 1 70 28 230 5 60 37 160 50 120 2 190 37 200 40 80 27 10 33 120 17 200 8 160 15 240 12 200 32 10 43 240 24 170 7 40 29 200 28 220 33 80 35 180 20 20 45 150 33 200 36 130 39 200 17 170 27 240 24 110 36 70 6 80 19 80 30 180 6 160 31 50 31 140 17 110 4 100 16 170 22 100 48 120 10 210 32 120 36 170 42 150 3 20 1 70 5 170 16 170 22 70 49 110 6 20 14 140 23 160 3 120 10 30 7 170 18 210 21 240 27 100 49 140 8 170 32 120 26 240 43 180 24 100 4 20 34 190 6 170 28 10 35 160 40 150 14 160 35 50 8 240 26 170 28 190 25 40 12 200 50 160 18 100 30 130 1 210 30 40 45 240 42 60 44 30 6 220 26 20 40 90 26 50 4 220 39 100 23 120 42 200 9 220 22 80 42 90 17 120 44 100 14 60 46 220 21 80 21 190 37 170 6 210 48 80 37 220 3 150 35 100 12 210 11 60 2 220 22 170 32 10 16 150 14 210 9 140 40 30 30 70 35 120 2 230 31 100 45 70 47 100 11 20 48 190 0 0
230 50
31 90 46 170 3 20 24 160 30 120 17 120 25 180 34 70 44 50 46 220 15 90 36 80 40 140 39 190 50 80 3 70 10 240 44 60 31 220 20 220 21 170 22 140 1 120 46 160 40 240 21 20 13 120 49 90 26 120 36 140 37 170 30 190 27 40 43 100 31 240 13 200 34 40 30 160 50 10 34 20 4 210 15 170 5 50 34 60 35 210 21 20 11 140 15 100 29 240 25 70 36 220 21 200 30 170 4 100 46 110 19 110 22 220 41 150 48 190 24 70 1 200 22 190 33 30 14 210 23 140 14 120 47 180 15 170 27 220 38 10 17 220 43 160 23 110 20 170 45 160 39 160 14 130 4 110 34 130 16 20 50 40 14 70 44 150 38 130 45 80 2 190 6 30 3 150 46 120 15 120 31 140 26 140 39 230 30 70 9 180 19 20 3 150 44 240 28 220 14 130 32 230 40 20 43 110 6 60 9 120 23 50 44 110 38 60 41 230 34 110 38 220 5 160 6 220 33 80 39 110 48 10 14 130 4 200 41 220 10 190 5 130 10 210 41 120 25 20 47 110 31 220 43 70 43 20 46 210 46 220 47 10 9 190 27 20 8 180 8 70 39 130 11 180 11 90 26 80 15 150 13 80 13 200 35 90 27 180 31 180 14 240 17 40 15 100 27 70 12 80 27 100 34 100 38 150 43 90 4 60 22 140 34 90 21 110 50 220 7 20 16 220 12 40 32 150 44 50 29 110 15 10 42 200 19 80 26 150 21 180 28 200 49 80 1 210 17 190 16 120 25 130 31 130 28 40 14 10 34 120 30 80 40 160 37 230 35 120 47 160 28 70 23 240 12 170 4 100 12 40 32 170 12 70 5 170 34 160 17 40 4 180 17 100 28 20 44 190 13 10 20 160 29 100 11 240 49 30 9 160 8 200 9 30 13 220 32 60 3 160 26 190 20 90 11 170 47 240 33 10 22 40 6 240 47 50 47 160 47 30 19 240 18 140 31 160 43 220 9 60 45 60 18 40 2 210 49 220 36 20 38 40 10 80 39 60 3 40 35 100 27 60 33 160 46 30 30 210 50 100 5 140 13 140 29 120 27 170 44 130 27 160 17 60 48 130 19 120 35 70 8 70 20 30 29 40 3 190 42 100 3 150 9 50 35 200 11 120 49 210 48 240 48 160 23 90 43 80 21 190 37 160 12 210 38 180 18 210 8 30 12 30 3 110 48 170 12 20 9 80 33 90 25 90 45 190 44 110 49 110 18 140 37 240 18 240 15 10 19 70 23 230 9 210 2 80 42 60 38 70 44 30 35 60 20 80 13 50 25 220 46 120 42 60 21 20 17 190 4 160 25 170 12 230 48 160 1 120 23 170 28 30 42 110 48 240 45 170 27 70 42 70 3 230 4 180 41 150 29 160 20 40 20 30 16 90 45 180 49 220 25 190 36 140 28 190 43 240 3 50 20 50 20 240 25 150 30 150 8 90 20 10 7 200 24 240 13 20 18 10 32 120 21 100 15 180 41 40 3 60 0 0
150 240
43 180 44 190 21 110 8 200 47 220 28 60 45 80 38 30 19 70 1 50 39 220 11 240 30 60 33 20 50 150 27 240 0 0
220 160
9 130 25 20 7 190 25 160 32 210 37 220 32 30 44 100 47 220 8 110 16 40 8 70 5 70 28 50 31 190 26 130 17 130 11 30 11 10 6 110 31 30 9 150 33 80 24 20 38 180 7 20 10 150 33 210 29 140 24 40 36 210 15 200 43 160 42 20 26 190 40 230 46 170 43 130 9 230 40 170 32 160 31 130 43 120 2 140 48 90 46 80 23 60 5 70 34 80 14 60 19 150 5 10 11 240 36 120 44 240 43 170 44 140 21 140 45 90 26 150 30 50 32 180 27 150 24 110 3 20 18 100 7 170 6 20 11 80 8 200 46 200 43 60 7 220 41 40 6 10 4 70 5 120 13 160 43 60 10 180 4 230 36 110 0 0
30 30
32 40 13 210 43 210 8 120 20 30 40 210 13 240 20 240 25 40 22 150 47 180 46 60 14 130 14 190 25 90 50 160 6 80 35 90 17 90 8 80 21 90 26 160 29 140 25 10 34 30 29 130 21 40 29 70 11 160 37 160 9 20 17 120 19 10 8 140 20 30 11 50 32 180 44 60 33 10 38 40 13 190 30 120 42 230 19 180 23 220 23 230 7 240 23 230 26 10 44 50 38 10 28 40 41 140 43 10 47 110 50 110 23 210 5 180 48 150 11 10 10 160 28 160 1 150 26 30 3 200 27 170 2 170 11 240 33 60 49 240 16 100 38 100 38 10 36 10 32 220 38 10 46 200 40 40 20 30 31 40 1 10 43 80 21 100 35 50 6 10 8 160 48 100 46 130 8 100 13 190 20 120 19 190 10 170 42 40 22 190 7 170 7 120 37 160 35 180 27 180 13 60 44 50 32 240 33 170 17 60 9 190 8 220 37 100 47 180 18 130 47 100 19 60 2 70 26 80 38 170 48 100 15 70 27 100 25 90 50 130 34 10 18 190 50 10 50 10 48 120 7 80 28 100 13 50 31 90 10 100 37 120 32 170 22 10 5 140 32 170 11 210 36 200 10 200 17 130 3 220 5 10 29 170 29 150 22 170 11 70 15 70 44 240 31 230 20 190 12 220 9 130 14 200 7 220 7 130 7 160 30 220 5 100 9 150 21 50 35 80 49 130 7 70 42 80 18 170 9 70 42 60 3 40 14 70 16 40 12 50 0 0
130 210
18 180 32 80 20 200 2 40 30 180 34 60 10 70 26 140 20 80 44 120 28 190 1 130 9 160 14 170 38 60 20 200 12 240 27 200 15 50 40 170 29 60 23 130 10 200 29 90 5 180 18 210 23 80 48 230 48 110 44 230 43 160 13 90 40 10 39 110 6 110 29 100 23 100 32 150 23 150 14 240 31 60 27 150 7 50 35 190 7 40 30 40 13 220 35 110 36 140 36 220 14 200 39 160 18 70 27 150 30 30 8 130 44 150 5 30 4 160 33 220 2 120 5 50 22 10 46 20 34 60 18 180 33 20 19 150 32 30 34 230 22 90 18 30 16 50 32 130 26 130 39 50 26 170 6 70 8 170 30 80 50 170 46 120 33 30 45 140 20 130 9 210 48 100 9 130 41 80 33 220 34 160 3 220 47 190 35 20 20 140 18 120 47 220 40 30 41 40 20 170 13 70 1 220 20 230 37 180 47 240 7 110 14 210 9 10 10 100 17 190 33 100 45 240 29 240 14 220 38 50 8 110 49 40 10 240 17 120 4 230 24 10 14 170 45 170 10 210 3 180 17 110 23 120 16 170 7 30 26 100 38 220 17 160 44 150 42 240 12 100 30 40 4 190 8 50 12 180 5 80 11 120 31 50 13 210 17 80 7 30 37 130 33 90 31 190 24 150 11 60 40 200 33 140 30 40 42 120 16 150 0 0
80 60
9 190 28 220 14 210 17 40 37 160 24 220 18 60 13 240 24 100 6 210 33 150 43 220 25 10 38 170 20 230 21 140 34 160 11 160 41 130 28 240 4 110 33 160 50 70 8 210 6 130 20 130 49 100 14 40 21 70 46 240 28 30 33 70 7 160 29 80 20 170 50 210 41 190 22 200 46 90 17 20 44 10 2 40 13 40 34 50 10 140 22 40 13 230 11 240 8 120 5 130 25 230 9 210 15 240 41 150 3 180 26 30 33 80 13 110 1 100 36 120 11 150 20 120 16 210 36 170 33 30 34 240 25 70 39 220 21 230 10 30 6 60 29 70 6 210 31 110 32 240 6 220 15 170 46 20 15 80 40 170 17 100 42 210 37 210 26 40 34 20 17 190 8 210 39 140 29 50 33 90 35 210 26 50 42 240 4 40 40 210 7 220 43 190 13 60 31 170 9 60 39 20 44 110 31 140 8 200 29 60 35 50 2 140 29 80 45 240 19 200 36 50 39 190 36 100 9 180 20 60 48 90 28 170 39 80 2 100 15 130 10 240 4 70 27 120 15 210 29 150 17 120 14 190 38 30 6 190 4 30 26 220 43 50 50 10 48 200 40 200 32 50 14 180 22 40 14 200 3 70 5 230 47 130 1 70 27 240 35 140 15 230 0 0
70 150
3 50 14 120 24 10 9 10 6 50 25 60 4 80 3 120 22 120 47 100 28 120 40 230 11 190 28 150 11 130 26 230 44 160 42 120 46 40 36 130 9 170 27 190 4 130 40 50 8 60 49 240 29 20 22 130 17 130 19 20 7 210 48 150 15 210 4 190 14 40 15 70 23 200 29 130 38 110 41 20 14 170 33 50 10 240 18 40 27 70 11 40 39 30 8 50 45 200 41 150 30 120 7 70 42 140 2 10 43 190 3 60 36 40 4 140 19 100 44 120 4 20 24 40 9 180 8 40 3 30 19 60 30 50 3 190 8 50 1 110 22 60 21 240 43 170 20 50 44 80 50 30 13 190 35 130 34 230 32 80 27 160 14 120 43 20 43 160 26 100 46 130 34 20 44 20 8 170 25 30 31 110 33 160 49 80 20 80 41 20 33 170 49 160 18 100 8 90 13 30 15 150 18 100 10 150 20 130 47 180 3 30 1 230 43 10 25 200 26 210 11 140 43 100 1 240 32 90 32 220 21 180 43 150 3 40 50 20 45 150 13 190 12 80 7 120 11 180 24 20 32 180 21 90 31 70 37 60 46 220 40 150 11 130 7 210 1 210 47 90 27 190 3 230 46 130 28 70 28 50 4 190 13 100 2 230 38 210 29 100 11 30 14 100 17 190 47 100 25 100 18 200 23 200 17 60 40 190 26 40 44 240 22 80 27 20 22 160 14 10 38 130 5 210 34 20 33 230 16 240 15 80 29 180 22 230 15 200 38 170 39 110 14 190 12 80 42 130 29 140 27 10 13 100 11 240 41 90 36 230 30 70 13 50 12 50 33 30 49 140 1 220 1 200 2 200 47 160 34 170 6 50 34 240 22 220 25 120 6 200 17 180 33 240 37 160 13 10 26 180 10 220 34 190 0 0
130 60
39 220 24 210 49 110 16 110 17 120 21 140 39 200 12 60 47 180 50 40 45 230 45 60 44 50 4 80 7 100 46 110 14 150 31 200 46 100 29 70 5 120 23 50 30 170 23 180 18 20 5 10 16 200 48 120 14 200 4 100 5 160 14 160 16 210 27 40 7 130 46 140 16 30 44 90 23 110 11 150 11 230 35 210 29 120 32 30 23 30 34 180 27 50 31 90 6 130 9 120 43 80 29 20 26 70 2 20 47 80 21 150 18 70 40 110 8 40 33 160 15 190 21 100 36 230 24 220 42 200 17 60 36 20 35 90 2 160 31 40 47 20 39 150 4 60 11 170 30 200 24 190 10 80 20 130 47 30 48 80 27 160 1 220 23 60 31 110 33 50 25 50 39 10 26 40 39 190 39 170 10 240 18 150 29 70 21 180 36 200 47 200 19 20 35 210 30 40 48 110 20 70 15 200 38 70 10 170 5 60 49 20 1 70 23 80 15 60 6 190 44 30 36 60 22 220 44 170 23 140 3 160 5 50 43 70 32 210 45 150 18 40 47 30 18 170 20 230 7 180 28 100 16 220 41 70 37 220 22 60 13 220 45 140 25 130 9 170 11 130 16 20 27 190 42 100 38 90 48 200 39 220 25 180 21 80 22 170 7 130 4 50 35 200 29 200 47 150 44 40 21 20 49 210 38 120 15 210 31 70 39 40 1 30 6 90 23 130 18 70 42 10 46 240 27 40 12 10 43 170 32 60 4 180 22 60 24 20 50 60 24 10 49 90 30 160 3 30 36 20 50 190 18 80 14 220 32 40 5 200 35 240 37 210 45 220 19 70 41 20 37 190 34 160 30 10 45 20 17 170 49 50 15 80 1 20 11 120 7 130 11 140 9 20 49 200 21 10 22 110 37 220 9 130 9 130 30 210 45 40 30 200 47 230 16 80 28 100 24 60 26 100 7 100 29 150 27 160 4 180 41 70 3 210 18 70 13 210 31 90 3 60 5 180 31 150 18 90 6 180 47 220 6 110 31 120 9 110 23 190 23 210 3 220 24 240 35 50 44 70 16 160 25 40 28 90 40 70 38 220 11 240 17 220 5 90 27 50 35 130 18 200 48 160 42 100 11 150 2 150 26 230 45 50 19 80 28 200 25 120 19 120 20 160 20 100 27 160 33 20 11 220 28 70 18 90 39 200 32 50 9 200 11 180 21 210 43 70 34 50 32 30 31 140 28 150 37 220 10 90 37 10 16 50 43 110 15 60 25 150 44 140 7 100 33 30 15 240 50 220 5 20 20 70 4 70 38 100 19 60 30 60 40 230 23 200 27 90 19 80 40 210 33 70 29 220 28 100 21 140 0 0
